SoC E[V] Tiempo logChi logEle
0.002701 0.009515 0.000474 -0.078740 -0.362205
0.005868 0.008418 0.001421 -0.078740 -0.362205
0.009680 0.007061 0.002368 -0.078740 -0.362205
0.013227 0.006684 0.003316 -0.078740 -0.362205
0.017201 0.005788 0.004263 -0.078740 -0.362205
0.020908 0.005469 0.005210 -0.078740 -0.362205
0.024452 0.005129 0.006158 -0.078740 -0.362205
0.028190 0.004124 0.007105 -0.078740 -0.362205
0.031973 0.003494 0.008052 -0.078740 -0.362205
0.036148 0.002904 0.009000 -0.078740 -0.362205
0.040351 0.002527 0.009947 -0.078740 -0.362205
0.044270 0.001971 0.010894 -0.078740 -0.362205
0.048271 0.001690 0.011842 -0.078740 -0.362205
0.052596 0.001680 0.012789 -0.078740 -0.362205
0.056684 0.000684 0.013736 -0.078740 -0.362205
0.060793 0.001150 0.014684 -0.078740 -0.362205
0.064733 0.000866 0.015631 -0.078740 -0.362205
0.068742 0.000278 0.016578 -0.078740 -0.362205
0.072645 0.000131 0.017526 -0.078740 -0.362205
0.076473 -0.000015 0.018473 -0.078740 -0.362205
0.080339 -0.000183 0.019420 -0.078740 -0.362205
0.083991 -0.000096 0.020367 -0.078740 -0.362205
0.088197 -0.000904 0.021315 -0.078740 -0.362205
0.092083 -0.000944 0.022262 -0.078740 -0.362205
0.095760 -0.001423 0.023209 -0.078740 -0.362205
0.099574 -0.002275 0.024157 -0.078740 -0.362205
0.103592 -0.001997 0.025104 -0.078740 -0.362205
0.107324 -0.001925 0.026051 -0.078740 -0.362205
0.111609 -0.002831 0.026999 -0.078740 -0.362205
0.115518 -0.002797 0.027946 -0.078740 -0.362205
0.119130 -0.003010 0.028893 -0.078740 -0.362205
0.123104 -0.002871 0.029841 -0.078740 -0.362205
0.127076 -0.003334 0.030788 -0.078740 -0.362205
0.130646 -0.003578 0.031735 -0.078740 -0.362205
0.135123 -0.004566 0.032683 -0.078740 -0.362205
0.139379 -0.004510 0.033630 -0.078740 -0.362205
0.143137 -0.004509 0.034577 -0.078740 -0.362205
0.147160 -0.004522 0.035525 -0.078740 -0.362205
0.151264 -0.004377 0.036472 -0.078740 -0.362205
0.155206 -0.005186 0.037419 -0.078740 -0.362205
0.159334 -0.005640 0.038367 -0.078740 -0.362205
0.163193 -0.005411 0.039314 -0.078740 -0.362205
0.166818 -0.005639 0.040261 -0.078740 -0.362205
0.170513 -0.005840 0.041209 -0.078740 -0.362205
0.174352 -0.006153 0.042156 -0.078740 -0.362205
0.178260 -0.006075 0.043103 -0.078740 -0.362205
0.182245 -0.006456 0.044051 -0.078740 -0.362205
0.186257 -0.006502 0.044998 -0.078740 -0.362205
0.190384 -0.007523 0.045945 -0.078740 -0.362205
0.194838 -0.007342 0.046893 -0.078740 -0.362205
0.198805 -0.007031 0.047840 -0.078740 -0.362205
0.202854 -0.007871 0.048787 -0.078740 -0.362205
0.207306 -0.008857 0.049735 -0.078740 -0.362205
0.211711 -0.007922 0.050682 -0.078740 -0.362205
0.215801 -0.008220 0.051629 -0.078740 -0.362205
0.219919 -0.009902 0.052577 -0.078740 -0.362205
0.224124 -0.009705 0.053524 -0.078740 -0.362205
0.227959 -0.009445 0.054471 -0.078740 -0.362205
0.231571 -0.009686 0.055419 -0.078740 -0.362205
0.235911 -0.009385 0.056366 -0.078740 -0.362205
0.240269 -0.009877 0.057313 -0.078740 -0.362205
0.244255 -0.010576 0.058261 -0.078740 -0.362205
0.248094 -0.010983 0.059208 -0.078740 -0.362205
0.252466 -0.010774 0.060155 -0.078740 -0.362205
0.256458 -0.011057 0.061102 -0.078740 -0.362205
0.260679 -0.011116 0.062050 -0.078740 -0.362205
0.265370 -0.011840 0.062997 -0.078740 -0.362205
0.269786 -0.011618 0.063944 -0.078740 -0.362205
0.273667 -0.012568 0.064892 -0.078740 -0.362205
0.277398 -0.012604 0.065839 -0.078740 -0.362205
0.281624 -0.013254 0.066786 -0.078740 -0.362205
0.285850 -0.012920 0.067734 -0.078740 -0.362205
0.289457 -0.013087 0.068681 -0.078740 -0.362205
0.293451 -0.012671 0.069628 -0.078740 -0.362205
0.297331 -0.013656 0.070576 -0.078740 -0.362205
0.301533 -0.013978 0.071523 -0.078740 -0.362205
0.305631 -0.014012 0.072470 -0.078740 -0.362205
0.309378 -0.014309 0.073418 -0.078740 -0.362205
0.313769 -0.014405 0.074365 -0.078740 -0.362205
0.317938 -0.013914 0.075312 -0.078740 -0.362205
0.322244 -0.015847 0.076260 -0.078740 -0.362205
0.326189 -0.016051 0.077207 -0.078740 -0.362205
0.329716 -0.015141 0.078154 -0.078740 -0.362205
0.333219 -0.016402 0.079102 -0.078740 -0.362205
0.337010 -0.016390 0.080049 -0.078740 -0.362205
0.340397 -0.014332 0.080996 -0.078740 -0.362205
0.344034 -0.016389 0.081944 -0.078740 -0.362205
0.348224 -0.016849 0.082891 -0.078740 -0.362205
0.352384 -0.016806 0.083838 -0.078740 -0.362205
0.356599 -0.016295 0.084786 -0.078740 -0.362205
0.360606 -0.015888 0.085733 -0.078740 -0.362205
0.364743 -0.017889 0.086680 -0.078740 -0.362205
0.368726 -0.017410 0.087628 -0.078740 -0.362205
0.372612 -0.017477 0.088575 -0.078740 -0.362205
0.376349 -0.017376 0.089522 -0.078740 -0.362205
0.379998 -0.017243 0.090470 -0.078740 -0.362205
0.384130 -0.017989 0.091417 -0.078740 -0.362205
0.388237 -0.018987 0.092364 -0.078740 -0.362205
0.392182 -0.019098 0.093312 -0.078740 -0.362205
0.396414 -0.020305 0.094259 -0.078740 -0.362205
0.400048 -0.018808 0.095206 -0.078740 -0.362205
0.403787 -0.019352 0.096154 -0.078740 -0.362205
0.407842 -0.019684 0.097101 -0.078740 -0.362205
0.411854 -0.020515 0.098048 -0.078740 -0.362205
0.416443 -0.021001 0.098995 -0.078740 -0.362205
0.420408 -0.020791 0.099943 -0.078740 -0.362205
0.424651 -0.020283 0.100890 -0.078740 -0.362205
0.428805 -0.021687 0.101837 -0.078740 -0.362205
0.432844 -0.022415 0.102785 -0.078740 -0.362205
0.436690 -0.022812 0.103732 -0.078740 -0.362205
0.440332 -0.024220 0.104679 -0.078740 -0.362205
0.444343 -0.023844 0.105627 -0.078740 -0.362205
0.448238 -0.022262 0.106574 -0.078740 -0.362205
0.451882 -0.022879 0.107521 -0.078740 -0.362205
0.455524 -0.023060 0.108469 -0.078740 -0.362205
0.459439 -0.024180 0.109416 -0.078740 -0.362205
0.463280 -0.024278 0.110363 -0.078740 -0.362205
0.467097 -0.025671 0.111311 -0.078740 -0.362205
0.471293 -0.024953 0.112258 -0.078740 -0.362205
0.475657 -0.026071 0.113205 -0.078740 -0.362205
0.480365 -0.026612 0.114153 -0.078740 -0.362205
0.484738 -0.027326 0.115100 -0.078740 -0.362205
0.488937 -0.025708 0.116047 -0.078740 -0.362205
0.492990 -0.026226 0.116995 -0.078740 -0.362205
0.497372 -0.028261 0.117942 -0.078740 -0.362205
0.501696 -0.030518 0.118889 -0.078740 -0.362205
0.505970 -0.030230 0.119837 -0.078740 -0.362205
0.510265 -0.028928 0.120784 -0.078740 -0.362205
0.514290 -0.030611 0.121731 -0.078740 -0.362205
0.518369 -0.031768 0.122679 -0.078740 -0.362205
0.522555 -0.030978 0.123626 -0.078740 -0.362205
0.526819 -0.033112 0.124573 -0.078740 -0.362205
0.530875 -0.032947 0.125521 -0.078740 -0.362205
0.534594 -0.030678 0.126468 -0.078740 -0.362205
0.538435 -0.030885 0.127415 -0.078740 -0.362205
0.542769 -0.031923 0.128363 -0.078740 -0.362205
0.546359 -0.032079 0.129310 -0.078740 -0.362205
0.550393 -0.034844 0.130257 -0.078740 -0.362205
0.554523 -0.034534 0.131205 -0.078740 -0.362205
0.558227 -0.036047 0.132152 -0.078740 -0.362205
0.561922 -0.035075 0.133099 -0.078740 -0.362205
0.565969 -0.035733 0.134047 -0.078740 -0.362205
0.570225 -0.035276 0.134994 -0.078740 -0.362205
0.574750 -0.038243 0.135941 -0.078740 -0.362205
0.579029 -0.040282 0.136889 -0.078740 -0.362205
0.583173 -0.039263 0.137836 -0.078740 -0.362205
0.587312 -0.039991 0.138783 -0.078740 -0.362205
0.591271 -0.041338 0.139730 -0.078740 -0.362205
0.595521 -0.041686 0.140678 -0.078740 -0.362205
0.599459 -0.041720 0.141625 -0.078740 -0.362205
0.603383 -0.041333 0.142572 -0.078740 -0.362205
0.606536 -0.039516 0.143520 -0.078740 -0.362205
0.610592 -0.041185 0.144467 -0.078740 -0.362205
0.614596 -0.042244 0.145414 -0.078740 -0.362205
0.619039 -0.043551 0.146362 -0.078740 -0.362205
0.622827 -0.043466 0.147309 -0.078740 -0.362205
0.626926 -0.047367 0.148256 -0.078740 -0.362205
0.631412 -0.047830 0.149204 -0.078740 -0.362205
0.635481 -0.047635 0.150151 -0.078740 -0.362205
0.639361 -0.047873 0.151098 -0.078740 -0.362205
0.643633 -0.049288 0.152046 -0.078740 -0.362205
0.647650 -0.051087 0.152993 -0.078740 -0.362205
0.651425 -0.049573 0.153940 -0.078740 -0.362205
0.655344 -0.050845 0.154888 -0.078740 -0.362205
0.659085 -0.050376 0.155835 -0.078740 -0.362205
0.663095 -0.054024 0.156782 -0.078740 -0.362205
0.666965 -0.053552 0.157730 -0.078740 -0.362205
0.670684 -0.051506 0.158677 -0.078740 -0.362205
0.674298 -0.051080 0.159624 -0.078740 -0.362205
0.678245 -0.053816 0.160572 -0.078740 -0.362205
0.681886 -0.054918 0.161519 -0.078740 -0.362205
0.685743 -0.057415 0.162466 -0.078740 -0.362205
0.690085 -0.058337 0.163414 -0.078740 -0.362205
0.694120 -0.059060 0.164361 -0.078740 -0.362205
0.697920 -0.059514 0.165308 -0.078740 -0.362205
0.702075 -0.061842 0.166256 -0.078740 -0.362205
0.706053 -0.062501 0.167203 -0.078740 -0.362205
0.709675 -0.061701 0.168150 -0.078740 -0.362205
0.713846 -0.063175 0.169098 -0.078740 -0.362205
0.717631 -0.062732 0.170045 -0.078740 -0.362205
0.721703 -0.064663 0.170992 -0.078740 -0.362205
0.725851 -0.066903 0.171940 -0.078740 -0.362205
0.729707 -0.073944 0.172887 -0.078740 -0.362205
0.733674 -0.077215 0.173834 -0.078740 -0.362205
0.737279 -0.076280 0.174782 -0.078740 -0.362205
0.741295 -0.078041 0.175729 -0.078740 -0.362205
0.745721 -0.083204 0.176676 -0.078740 -0.362205
0.749537 -0.077887 0.177624 -0.078740 -0.362205
0.753375 -0.079561 0.178571 -0.078740 -0.362205
0.757523 -0.084939 0.179518 -0.078740 -0.362205
0.761852 -0.087977 0.180465 -0.078740 -0.362205
0.766143 -0.095137 0.181413 -0.078740 -0.362205
0.770701 -0.099408 0.182360 -0.078740 -0.362205
0.774957 -0.093699 0.183307 -0.078740 -0.362205
0.779316 -0.112402 0.184255 -0.078740 -0.362205
0.783516 -0.109176 0.185202 -0.078740 -0.362205
0.787433 -0.110408 0.186149 -0.078740 -0.362205
0.791587 -0.120299 0.187097 -0.078740 -0.362205
0.795585 -0.119708 0.188044 -0.078740 -0.362205
0.799063 -0.122687 0.188991 -0.078740 -0.362205
0.000000 -nan 0.189939 -0.078740 -0.362205
0.000000 -nan 0.190886 -0.078740 -0.362205
0.000000 -nan 0.191833 -0.078740 -0.362205
0.000000 -nan 0.192781 -0.078740 -0.362205
0.000000 -nan 0.193728 -0.078740 -0.362205
0.000000 -nan 0.194675 -0.078740 -0.362205
0.000000 -nan 0.195623 -0.078740 -0.362205
0.000000 -nan 0.196570 -0.078740 -0.362205
0.000000 -nan 0.197517 -0.078740 -0.362205
0.000000 -nan 0.198465 -0.078740 -0.362205
0.000000 -nan 0.199412 -0.078740 -0.362205
0.000000 -nan 0.200359 -0.078740 -0.362205
0.000000 -nan 0.201307 -0.078740 -0.362205
0.000000 -nan 0.202254 -0.078740 -0.362205
0.000000 -nan 0.203201 -0.078740 -0.362205
0.000000 -nan 0.204149 -0.078740 -0.362205
0.000000 -nan 0.205096 -0.078740 -0.362205
0.000000 -nan 0.206043 -0.078740 -0.362205
0.000000 -nan 0.206991 -0.078740 -0.362205
0.000000 -nan 0.207938 -0.078740 -0.362205
0.000000 -nan 0.208885 -0.078740 -0.362205
0.000000 -nan 0.209833 -0.078740 -0.362205
0.000000 -nan 0.210780 -0.078740 -0.362205
0.000000 -nan 0.211727 -0.078740 -0.362205
0.000000 -nan 0.212675 -0.078740 -0.362205
0.000000 -nan 0.213622 -0.078740 -0.362205
0.000000 -nan 0.214569 -0.078740 -0.362205
0.000000 -nan 0.215517 -0.078740 -0.362205
0.000000 -nan 0.216464 -0.078740 -0.362205
0.000000 -nan 0.217411 -0.078740 -0.362205
0.000000 -nan 0.218359 -0.078740 -0.362205
0.000000 -nan 0.219306 -0.078740 -0.362205
0.000000 -nan 0.220253 -0.078740 -0.362205
0.000000 -nan 0.221200 -0.078740 -0.362205
0.000000 -nan 0.222148 -0.078740 -0.362205
0.000000 -nan 0.223095 -0.078740 -0.362205
0.000000 -nan 0.224042 -0.078740 -0.362205
0.000000 -nan 0.224990 -0.078740 -0.362205
0.000000 -nan 0.225937 -0.078740 -0.362205
0.000000 -nan 0.226884 -0.078740 -0.362205
0.000000 -nan 0.227832 -0.078740 -0.362205
0.000000 -nan 0.228779 -0.078740 -0.362205
0.000000 -nan 0.229726 -0.078740 -0.362205
0.000000 -nan 0.230674 -0.078740 -0.362205
0.000000 -nan 0.231621 -0.078740 -0.362205
0.000000 -nan 0.232568 -0.078740 -0.362205
0.000000 -nan 0.233516 -0.078740 -0.362205
0.000000 -nan 0.234463 -0.078740 -0.362205
0.000000 -nan 0.235410 -0.078740 -0.362205
0.000000 -nan 0.236358 -0.078740 -0.362205
