SoC E[V] Tiempo logChi logEle
0.001360 -0.080400 0.000221 -0.692913 -0.031496
0.004340 -0.080799 0.000664 -0.692913 -0.031496
0.007795 -0.081003 0.001106 -0.692913 -0.031496
0.011749 -0.081349 0.001548 -0.692913 -0.031496
0.015885 -0.081566 0.001991 -0.692913 -0.031496
0.019854 -0.081959 0.002433 -0.692913 -0.031496
0.023776 -0.082410 0.002875 -0.692913 -0.031496
0.027365 -0.082140 0.003318 -0.692913 -0.031496
0.031075 -0.082351 0.003760 -0.692913 -0.031496
0.034938 -0.082784 0.004203 -0.692913 -0.031496
0.038894 -0.083254 0.004645 -0.692913 -0.031496
0.042575 -0.083197 0.005087 -0.692913 -0.031496
0.046457 -0.083706 0.005530 -0.692913 -0.031496
0.050568 -0.084554 0.005972 -0.692913 -0.031496
0.054362 -0.084077 0.006414 -0.692913 -0.031496
0.058496 -0.084914 0.006857 -0.692913 -0.031496
0.062455 -0.084975 0.007299 -0.692913 -0.031496
0.066417 -0.085220 0.007742 -0.692913 -0.031496
0.070434 -0.085720 0.008184 -0.692913 -0.031496
0.074301 -0.086310 0.008626 -0.692913 -0.031496
0.078241 -0.086703 0.009069 -0.692913 -0.031496
0.082752 -0.087215 0.009511 -0.692913 -0.031496
0.086892 -0.086619 0.009953 -0.692913 -0.031496
0.091545 -0.088341 0.010396 -0.692913 -0.031496
0.095828 -0.087518 0.010838 -0.692913 -0.031496
0.099561 -0.087727 0.011281 -0.692913 -0.031496
0.103338 -0.088133 0.011723 -0.692913 -0.031496
0.107302 -0.088132 0.012165 -0.692913 -0.031496
0.111456 -0.088514 0.012608 -0.692913 -0.031496
0.115292 -0.088351 0.013050 -0.692913 -0.031496
0.119313 -0.089853 0.013492 -0.692913 -0.031496
0.123241 -0.089560 0.013935 -0.692913 -0.031496
0.127062 -0.089186 0.014377 -0.692913 -0.031496
0.131075 -0.089590 0.014820 -0.692913 -0.031496
0.135024 -0.090220 0.015262 -0.692913 -0.031496
0.139141 -0.091403 0.015704 -0.692913 -0.031496
0.143268 -0.091296 0.016147 -0.692913 -0.031496
0.147527 -0.091649 0.016589 -0.692913 -0.031496
0.151506 -0.091592 0.017031 -0.692913 -0.031496
0.155501 -0.092517 0.017474 -0.692913 -0.031496
0.159457 -0.091943 0.017916 -0.692913 -0.031496
0.163221 -0.092989 0.018359 -0.692913 -0.031496
0.167258 -0.093656 0.018801 -0.692913 -0.031496
0.171119 -0.093260 0.019243 -0.692913 -0.031496
0.175344 -0.093369 0.019686 -0.692913 -0.031496
0.179530 -0.095317 0.020128 -0.692913 -0.031496
0.183328 -0.094588 0.020570 -0.692913 -0.031496
0.187138 -0.094098 0.021013 -0.692913 -0.031496
0.191248 -0.094999 0.021455 -0.692913 -0.031496
0.195207 -0.095917 0.021898 -0.692913 -0.031496
0.199399 -0.097254 0.022340 -0.692913 -0.031496
0.203597 -0.097626 0.022782 -0.692913 -0.031496
0.207492 -0.098199 0.023225 -0.692913 -0.031496
0.211122 -0.097795 0.023667 -0.692913 -0.031496
0.215225 -0.099520 0.024109 -0.692913 -0.031496
0.219524 -0.099035 0.024552 -0.692913 -0.031496
0.223526 -0.098997 0.024994 -0.692913 -0.031496
0.227438 -0.097799 0.025437 -0.692913 -0.031496
0.231477 -0.098486 0.025879 -0.692913 -0.031496
0.235382 -0.099290 0.026321 -0.692913 -0.031496
0.239575 -0.099796 0.026764 -0.692913 -0.031496
0.243512 -0.098748 0.027206 -0.692913 -0.031496
0.247092 -0.100117 0.027648 -0.692913 -0.031496
0.250876 -0.100666 0.028091 -0.692913 -0.031496
0.255012 -0.102168 0.028533 -0.692913 -0.031496
0.259071 -0.103514 0.028976 -0.692913 -0.031496
0.263053 -0.102868 0.029418 -0.692913 -0.031496
0.267027 -0.101615 0.029860 -0.692913 -0.031496
0.270745 -0.103246 0.030303 -0.692913 -0.031496
0.274854 -0.105399 0.030745 -0.692913 -0.031496
0.278939 -0.104261 0.031187 -0.692913 -0.031496
0.282620 -0.105865 0.031630 -0.692913 -0.031496
0.286440 -0.108284 0.032072 -0.692913 -0.031496
0.290461 -0.108139 0.032515 -0.692913 -0.031496
0.295275 -0.109831 0.032957 -0.692913 -0.031496
0.299360 -0.108709 0.033399 -0.692913 -0.031496
0.303368 -0.107489 0.033842 -0.692913 -0.031496
0.307732 -0.108226 0.034284 -0.692913 -0.031496
0.311577 -0.109209 0.034726 -0.692913 -0.031496
0.315242 -0.109408 0.035169 -0.692913 -0.031496
0.319079 -0.111897 0.035611 -0.692913 -0.031496
0.323119 -0.112829 0.036054 -0.692913 -0.031496
0.327278 -0.111110 0.036496 -0.692913 -0.031496
0.331256 -0.110731 0.036938 -0.692913 -0.031496
0.335292 -0.113010 0.037381 -0.692913 -0.031496
0.339207 -0.111758 0.037823 -0.692913 -0.031496
0.343258 -0.112081 0.038265 -0.692913 -0.031496
0.347122 -0.112268 0.038708 -0.692913 -0.031496
0.351239 -0.114480 0.039150 -0.692913 -0.031496
0.355258 -0.115209 0.039593 -0.692913 -0.031496
0.359124 -0.118271 0.040035 -0.692913 -0.031496
0.363147 -0.118736 0.040477 -0.692913 -0.031496
0.367103 -0.119749 0.040920 -0.692913 -0.031496
0.370884 -0.116864 0.041362 -0.692913 -0.031496
0.374996 -0.116432 0.041804 -0.692913 -0.031496
0.379037 -0.118828 0.042247 -0.692913 -0.031496
0.383024 -0.123757 0.042689 -0.692913 -0.031496
0.386779 -0.122227 0.043132 -0.692913 -0.031496
0.390539 -0.122420 0.043574 -0.692913 -0.031496
0.394376 -0.123166 0.044016 -0.692913 -0.031496
0.398520 -0.127425 0.044459 -0.692913 -0.031496
0.402744 -0.129421 0.044901 -0.692913 -0.031496
0.407160 -0.129372 0.045343 -0.692913 -0.031496
0.410907 -0.127622 0.045786 -0.692913 -0.031496
0.414937 -0.131424 0.046228 -0.692913 -0.031496
0.419059 -0.134110 0.046671 -0.692913 -0.031496
0.423166 -0.135454 0.047113 -0.692913 -0.031496
0.426848 -0.134080 0.047555 -0.692913 -0.031496
0.430827 -0.137544 0.047998 -0.692913 -0.031496
0.000000 -nan 0.048440 -0.692913 -0.031496
0.000000 -nan 0.048882 -0.692913 -0.031496
0.000000 -nan 0.049325 -0.692913 -0.031496
0.000000 -nan 0.049767 -0.692913 -0.031496
0.000000 -nan 0.050210 -0.692913 -0.031496
0.000000 -nan 0.050652 -0.692913 -0.031496
0.000000 -nan 0.051094 -0.692913 -0.031496
0.000000 -nan 0.051537 -0.692913 -0.031496
0.000000 -nan 0.051979 -0.692913 -0.031496
0.000000 -nan 0.052421 -0.692913 -0.031496
0.000000 -nan 0.052864 -0.692913 -0.031496
0.000000 -nan 0.053306 -0.692913 -0.031496
0.000000 -nan 0.053749 -0.692913 -0.031496
0.000000 -nan 0.054191 -0.692913 -0.031496
0.000000 -nan 0.054633 -0.692913 -0.031496
0.000000 -nan 0.055076 -0.692913 -0.031496
0.000000 -nan 0.055518 -0.692913 -0.031496
0.000000 -nan 0.055960 -0.692913 -0.031496
0.000000 -nan 0.056403 -0.692913 -0.031496
0.000000 -nan 0.056845 -0.692913 -0.031496
0.000000 -nan 0.057288 -0.692913 -0.031496
0.000000 -nan 0.057730 -0.692913 -0.031496
0.000000 -nan 0.058172 -0.692913 -0.031496
0.000000 -nan 0.058615 -0.692913 -0.031496
0.000000 -nan 0.059057 -0.692913 -0.031496
0.000000 -nan 0.059499 -0.692913 -0.031496
0.000000 -nan 0.059942 -0.692913 -0.031496
0.000000 -nan 0.060384 -0.692913 -0.031496
0.000000 -nan 0.060827 -0.692913 -0.031496
0.000000 -nan 0.061269 -0.692913 -0.031496
0.000000 -nan 0.061711 -0.692913 -0.031496
0.000000 -nan 0.062154 -0.692913 -0.031496
0.000000 -nan 0.062596 -0.692913 -0.031496
0.000000 -nan 0.063038 -0.692913 -0.031496
0.000000 -nan 0.063481 -0.692913 -0.031496
0.000000 -nan 0.063923 -0.692913 -0.031496
0.000000 -nan 0.064366 -0.692913 -0.031496
0.000000 -nan 0.064808 -0.692913 -0.031496
0.000000 -nan 0.065250 -0.692913 -0.031496
0.000000 -nan 0.065693 -0.692913 -0.031496
0.000000 -nan 0.066135 -0.692913 -0.031496
0.000000 -nan 0.066577 -0.692913 -0.031496
0.000000 -nan 0.067020 -0.692913 -0.031496
0.000000 -nan 0.067462 -0.692913 -0.031496
0.000000 -nan 0.067905 -0.692913 -0.031496
0.000000 -nan 0.068347 -0.692913 -0.031496
0.000000 -nan 0.068789 -0.692913 -0.031496
0.000000 -nan 0.069232 -0.692913 -0.031496
0.000000 -nan 0.069674 -0.692913 -0.031496
0.000000 -nan 0.070116 -0.692913 -0.031496
0.000000 -nan 0.070559 -0.692913 -0.031496
0.000000 -nan 0.071001 -0.692913 -0.031496
0.000000 -nan 0.071444 -0.692913 -0.031496
0.000000 -nan 0.071886 -0.692913 -0.031496
0.000000 -nan 0.072328 -0.692913 -0.031496
0.000000 -nan 0.072771 -0.692913 -0.031496
0.000000 -nan 0.073213 -0.692913 -0.031496
0.000000 -nan 0.073655 -0.692913 -0.031496
0.000000 -nan 0.074098 -0.692913 -0.031496
0.000000 -nan 0.074540 -0.692913 -0.031496
0.000000 -nan 0.074983 -0.692913 -0.031496
0.000000 -nan 0.075425 -0.692913 -0.031496
0.000000 -nan 0.075867 -0.692913 -0.031496
0.000000 -nan 0.076310 -0.692913 -0.031496
0.000000 -nan 0.076752 -0.692913 -0.031496
0.000000 -nan 0.077194 -0.692913 -0.031496
0.000000 -nan 0.077637 -0.692913 -0.031496
0.000000 -nan 0.078079 -0.692913 -0.031496
0.000000 -nan 0.078522 -0.692913 -0.031496
0.000000 -nan 0.078964 -0.692913 -0.031496
0.000000 -nan 0.079406 -0.692913 -0.031496
0.000000 -nan 0.079849 -0.692913 -0.031496
0.000000 -nan 0.080291 -0.692913 -0.031496
0.000000 -nan 0.080733 -0.692913 -0.031496
0.000000 -nan 0.081176 -0.692913 -0.031496
0.000000 -nan 0.081618 -0.692913 -0.031496
0.000000 -nan 0.082061 -0.692913 -0.031496
0.000000 -nan 0.082503 -0.692913 -0.031496
0.000000 -nan 0.082945 -0.692913 -0.031496
0.000000 -nan 0.083388 -0.692913 -0.031496
0.000000 -nan 0.083830 -0.692913 -0.031496
0.000000 -nan 0.084272 -0.692913 -0.031496
0.000000 -nan 0.084715 -0.692913 -0.031496
0.000000 -nan 0.085157 -0.692913 -0.031496
0.000000 -nan 0.085600 -0.692913 -0.031496
0.000000 -nan 0.086042 -0.692913 -0.031496
0.000000 -nan 0.086484 -0.692913 -0.031496
0.000000 -nan 0.086927 -0.692913 -0.031496
0.000000 -nan 0.087369 -0.692913 -0.031496
0.000000 -nan 0.087811 -0.692913 -0.031496
0.000000 -nan 0.088254 -0.692913 -0.031496
0.000000 -nan 0.088696 -0.692913 -0.031496
0.000000 -nan 0.089139 -0.692913 -0.031496
0.000000 -nan 0.089581 -0.692913 -0.031496
0.000000 -nan 0.090023 -0.692913 -0.031496
0.000000 -nan 0.090466 -0.692913 -0.031496
0.000000 -nan 0.090908 -0.692913 -0.031496
0.000000 -nan 0.091350 -0.692913 -0.031496
0.000000 -nan 0.091793 -0.692913 -0.031496
0.000000 -nan 0.092235 -0.692913 -0.031496
0.000000 -nan 0.092678 -0.692913 -0.031496
0.000000 -nan 0.093120 -0.692913 -0.031496
0.000000 -nan 0.093562 -0.692913 -0.031496
0.000000 -nan 0.094005 -0.692913 -0.031496
0.000000 -nan 0.094447 -0.692913 -0.031496
0.000000 -nan 0.094889 -0.692913 -0.031496
0.000000 -nan 0.095332 -0.692913 -0.031496
0.000000 -nan 0.095774 -0.692913 -0.031496
0.000000 -nan 0.096217 -0.692913 -0.031496
0.000000 -nan 0.096659 -0.692913 -0.031496
0.000000 -nan 0.097101 -0.692913 -0.031496
0.000000 -nan 0.097544 -0.692913 -0.031496
0.000000 -nan 0.097986 -0.692913 -0.031496
0.000000 -nan 0.098428 -0.692913 -0.031496
0.000000 -nan 0.098871 -0.692913 -0.031496
0.000000 -nan 0.099313 -0.692913 -0.031496
0.000000 -nan 0.099756 -0.692913 -0.031496
0.000000 -nan 0.100198 -0.692913 -0.031496
0.000000 -nan 0.100640 -0.692913 -0.031496
0.000000 -nan 0.101083 -0.692913 -0.031496
0.000000 -nan 0.101525 -0.692913 -0.031496
0.000000 -nan 0.101967 -0.692913 -0.031496
0.000000 -nan 0.102410 -0.692913 -0.031496
0.000000 -nan 0.102852 -0.692913 -0.031496
0.000000 -nan 0.103295 -0.692913 -0.031496
0.000000 -nan 0.103737 -0.692913 -0.031496
0.000000 -nan 0.104179 -0.692913 -0.031496
0.000000 -nan 0.104622 -0.692913 -0.031496
0.000000 -nan 0.105064 -0.692913 -0.031496
0.000000 -nan 0.105506 -0.692913 -0.031496
0.000000 -nan 0.105949 -0.692913 -0.031496
0.000000 -nan 0.106391 -0.692913 -0.031496
0.000000 -nan 0.106834 -0.692913 -0.031496
0.000000 -nan 0.107276 -0.692913 -0.031496
0.000000 -nan 0.107718 -0.692913 -0.031496
0.000000 -nan 0.108161 -0.692913 -0.031496
0.000000 -nan 0.108603 -0.692913 -0.031496
0.000000 -nan 0.109045 -0.692913 -0.031496
0.000000 -nan 0.109488 -0.692913 -0.031496
0.000000 -nan 0.109930 -0.692913 -0.031496
0.000000 -nan 0.110373 -0.692913 -0.031496
