SoC E[V] Tiempo logChi logEle
0.001846 -0.085833 0.001014 -1.070866 -0.692913
0.005009 -0.085970 0.003043 -1.070866 -0.692913
0.008814 -0.086056 0.005072 -1.070866 -0.692913
0.012942 -0.086129 0.007100 -1.070866 -0.692913
0.017302 -0.086287 0.009129 -1.070866 -0.692913
0.021409 -0.086295 0.011158 -1.070866 -0.692913
0.025489 -0.086438 0.013186 -1.070866 -0.692913
0.029095 -0.086456 0.015215 -1.070866 -0.692913
0.032674 -0.086457 0.017244 -1.070866 -0.692913
0.036515 -0.086552 0.019272 -1.070866 -0.692913
0.040575 -0.086687 0.021301 -1.070866 -0.692913
0.044484 -0.086862 0.023330 -1.070866 -0.692913
0.048631 -0.086870 0.025358 -1.070866 -0.692913
0.052400 -0.086798 0.027387 -1.070866 -0.692913
0.056305 -0.086948 0.029415 -1.070866 -0.692913
0.060672 -0.087039 0.031444 -1.070866 -0.692913
0.064822 -0.086987 0.033473 -1.070866 -0.692913
0.068699 -0.087213 0.035501 -1.070866 -0.692913
0.072517 -0.087259 0.037530 -1.070866 -0.692913
0.076656 -0.087356 0.039559 -1.070866 -0.692913
0.080880 -0.087422 0.041587 -1.070866 -0.692913
0.085106 -0.087668 0.043616 -1.070866 -0.692913
0.089295 -0.087642 0.045645 -1.070866 -0.692913
0.093289 -0.087769 0.047673 -1.070866 -0.692913
0.097448 -0.087629 0.049702 -1.070866 -0.692913
0.101563 -0.087886 0.051731 -1.070866 -0.692913
0.106103 -0.088239 0.053759 -1.070866 -0.692913
0.110278 -0.088131 0.055788 -1.070866 -0.692913
0.114040 -0.088305 0.057817 -1.070866 -0.692913
0.117961 -0.088282 0.059845 -1.070866 -0.692913
0.122027 -0.088326 0.061874 -1.070866 -0.692913
0.126144 -0.088382 0.063903 -1.070866 -0.692913
0.130459 -0.088934 0.065931 -1.070866 -0.692913
0.134557 -0.088818 0.067960 -1.070866 -0.692913
0.138594 -0.088739 0.069989 -1.070866 -0.692913
0.143071 -0.089002 0.072017 -1.070866 -0.692913
0.147671 -0.089094 0.074046 -1.070866 -0.692913
0.151612 -0.088992 0.076075 -1.070866 -0.692913
0.155800 -0.089302 0.078103 -1.070866 -0.692913
0.159831 -0.089363 0.080132 -1.070866 -0.692913
0.163807 -0.089340 0.082160 -1.070866 -0.692913
0.168198 -0.089402 0.084189 -1.070866 -0.692913
0.172270 -0.089432 0.086218 -1.070866 -0.692913
0.175919 -0.089452 0.088246 -1.070866 -0.692913
0.179972 -0.089877 0.090275 -1.070866 -0.692913
0.183753 -0.089593 0.092304 -1.070866 -0.692913
0.187663 -0.089985 0.094332 -1.070866 -0.692913
0.191757 -0.090263 0.096361 -1.070866 -0.692913
0.195891 -0.090107 0.098390 -1.070866 -0.692913
0.200439 -0.090192 0.100418 -1.070866 -0.692913
0.204578 -0.090114 0.102447 -1.070866 -0.692913
0.208501 -0.090141 0.104476 -1.070866 -0.692913
0.212412 -0.090373 0.106504 -1.070866 -0.692913
0.216459 -0.090526 0.108533 -1.070866 -0.692913
0.220478 -0.090798 0.110562 -1.070866 -0.692913
0.224503 -0.091115 0.112590 -1.070866 -0.692913
0.228236 -0.090850 0.114619 -1.070866 -0.692913
0.232341 -0.091023 0.116648 -1.070866 -0.692913
0.236128 -0.091533 0.118676 -1.070866 -0.692913
0.240195 -0.091549 0.120705 -1.070866 -0.692913
0.244501 -0.091348 0.122734 -1.070866 -0.692913
0.248653 -0.091955 0.124762 -1.070866 -0.692913
0.252343 -0.091507 0.126791 -1.070866 -0.692913
0.255996 -0.092202 0.128819 -1.070866 -0.692913
0.260111 -0.092114 0.130848 -1.070866 -0.692913
0.264480 -0.091909 0.132877 -1.070866 -0.692913
0.268601 -0.092557 0.134905 -1.070866 -0.692913
0.272954 -0.092586 0.136934 -1.070866 -0.692913
0.276578 -0.092409 0.138963 -1.070866 -0.692913
0.280901 -0.092787 0.140991 -1.070866 -0.692913
0.284999 -0.092709 0.143020 -1.070866 -0.692913
0.289467 -0.093343 0.145049 -1.070866 -0.692913
0.293729 -0.093276 0.147077 -1.070866 -0.692913
0.297942 -0.093713 0.149106 -1.070866 -0.692913
0.301706 -0.093691 0.151135 -1.070866 -0.692913
0.305230 -0.094018 0.153163 -1.070866 -0.692913
0.309167 -0.094142 0.155192 -1.070866 -0.692913
0.313026 -0.094593 0.157221 -1.070866 -0.692913
0.316630 -0.093874 0.159249 -1.070866 -0.692913
0.320642 -0.094160 0.161278 -1.070866 -0.692913
0.324851 -0.094507 0.163307 -1.070866 -0.692913
0.328934 -0.094667 0.165335 -1.070866 -0.692913
0.332525 -0.094066 0.167364 -1.070866 -0.692913
0.336493 -0.094465 0.169393 -1.070866 -0.692913
0.340391 -0.094424 0.171421 -1.070866 -0.692913
0.344230 -0.094674 0.173450 -1.070866 -0.692913
0.348445 -0.095569 0.175479 -1.070866 -0.692913
0.352635 -0.095510 0.177507 -1.070866 -0.692913
0.356592 -0.095904 0.179536 -1.070866 -0.692913
0.360704 -0.096157 0.181564 -1.070866 -0.692913
0.364719 -0.096345 0.183593 -1.070866 -0.692913
0.368754 -0.097003 0.185622 -1.070866 -0.692913
0.372863 -0.096927 0.187650 -1.070866 -0.692913
0.376828 -0.096863 0.189679 -1.070866 -0.692913
0.380654 -0.097143 0.191708 -1.070866 -0.692913
0.384365 -0.097049 0.193736 -1.070866 -0.692913
0.388364 -0.097936 0.195765 -1.070866 -0.692913
0.392305 -0.097486 0.197794 -1.070866 -0.692913
0.396371 -0.097532 0.199822 -1.070866 -0.692913
0.400265 -0.097711 0.201851 -1.070866 -0.692913
0.403727 -0.097264 0.203880 -1.070866 -0.692913
0.407635 -0.098305 0.205908 -1.070866 -0.692913
0.412050 -0.099168 0.207937 -1.070866 -0.692913
0.416209 -0.097948 0.209966 -1.070866 -0.692913
0.420216 -0.099446 0.211994 -1.070866 -0.692913
0.424199 -0.099394 0.214023 -1.070866 -0.692913
0.427668 -0.099320 0.216052 -1.070866 -0.692913
0.431204 -0.100227 0.218080 -1.070866 -0.692913
0.434982 -0.100389 0.220109 -1.070866 -0.692913
0.438875 -0.099854 0.222138 -1.070866 -0.692913
0.442876 -0.100817 0.224166 -1.070866 -0.692913
0.446962 -0.100849 0.226195 -1.070866 -0.692913
0.450893 -0.100310 0.228224 -1.070866 -0.692913
0.455004 -0.101836 0.230252 -1.070866 -0.692913
0.459048 -0.101178 0.232281 -1.070866 -0.692913
0.463377 -0.101044 0.234309 -1.070866 -0.692913
0.467534 -0.101816 0.236338 -1.070866 -0.692913
0.471180 -0.101243 0.238367 -1.070866 -0.692913
0.474740 -0.102843 0.240395 -1.070866 -0.692913
0.478606 -0.102985 0.242424 -1.070866 -0.692913
0.482959 -0.102715 0.244453 -1.070866 -0.692913
0.487124 -0.103406 0.246481 -1.070866 -0.692913
0.491428 -0.104072 0.248510 -1.070866 -0.692913
0.495435 -0.103868 0.250539 -1.070866 -0.692913
0.499458 -0.102788 0.252567 -1.070866 -0.692913
0.503234 -0.102346 0.254596 -1.070866 -0.692913
0.507112 -0.102743 0.256625 -1.070866 -0.692913
0.511276 -0.104485 0.258653 -1.070866 -0.692913
0.514916 -0.104573 0.260682 -1.070866 -0.692913
0.518410 -0.103861 0.262711 -1.070866 -0.692913
0.522179 -0.104275 0.264739 -1.070866 -0.692913
0.525938 -0.105746 0.266768 -1.070866 -0.692913
0.529789 -0.106499 0.268797 -1.070866 -0.692913
0.533686 -0.107444 0.270825 -1.070866 -0.692913
0.537812 -0.106725 0.272854 -1.070866 -0.692913
0.542002 -0.106215 0.274883 -1.070866 -0.692913
0.546005 -0.106214 0.276911 -1.070866 -0.692913
0.550218 -0.107286 0.278940 -1.070866 -0.692913
0.554395 -0.107587 0.280968 -1.070866 -0.692913
0.558278 -0.107505 0.282997 -1.070866 -0.692913
0.562474 -0.110117 0.285026 -1.070866 -0.692913
0.566152 -0.109350 0.287054 -1.070866 -0.692913
0.570215 -0.109733 0.289083 -1.070866 -0.692913
0.574466 -0.109742 0.291112 -1.070866 -0.692913
0.578745 -0.110644 0.293140 -1.070866 -0.692913
0.583261 -0.110719 0.295169 -1.070866 -0.692913
0.587267 -0.111745 0.297198 -1.070866 -0.692913
0.591771 -0.110997 0.299226 -1.070866 -0.692913
0.596047 -0.110434 0.301255 -1.070866 -0.692913
0.600016 -0.111127 0.303284 -1.070866 -0.692913
0.604308 -0.111801 0.305312 -1.070866 -0.692913
0.608297 -0.111407 0.307341 -1.070866 -0.692913
0.612145 -0.113090 0.309370 -1.070866 -0.692913
0.616637 -0.114877 0.311398 -1.070866 -0.692913
0.620703 -0.115131 0.313427 -1.070866 -0.692913
0.624730 -0.115869 0.315456 -1.070866 -0.692913
0.628216 -0.116063 0.317484 -1.070866 -0.692913
0.631981 -0.114394 0.319513 -1.070866 -0.692913
0.635698 -0.114327 0.321542 -1.070866 -0.692913
0.639817 -0.114575 0.323570 -1.070866 -0.692913
0.643995 -0.116882 0.325599 -1.070866 -0.692913
0.647866 -0.116964 0.327628 -1.070866 -0.692913
0.651638 -0.116099 0.329656 -1.070866 -0.692913
0.655224 -0.118347 0.331685 -1.070866 -0.692913
0.659070 -0.118630 0.333713 -1.070866 -0.692913
0.662911 -0.119049 0.335742 -1.070866 -0.692913
0.667152 -0.119376 0.337771 -1.070866 -0.692913
0.671309 -0.121155 0.339799 -1.070866 -0.692913
0.675410 -0.120590 0.341828 -1.070866 -0.692913
0.679184 -0.119755 0.343857 -1.070866 -0.692913
0.683025 -0.120764 0.345885 -1.070866 -0.692913
0.687067 -0.121450 0.347914 -1.070866 -0.692913
0.690973 -0.122996 0.349943 -1.070866 -0.692913
0.694779 -0.123187 0.351971 -1.070866 -0.692913
0.698389 -0.122458 0.354000 -1.070866 -0.692913
0.701938 -0.121351 0.356029 -1.070866 -0.692913
0.705824 -0.122799 0.358057 -1.070866 -0.692913
0.709635 -0.124061 0.360086 -1.070866 -0.692913
0.713491 -0.125948 0.362115 -1.070866 -0.692913
0.716788 -0.123203 0.364143 -1.070866 -0.692913
0.720644 -0.124235 0.366172 -1.070866 -0.692913
0.724835 -0.125614 0.368201 -1.070866 -0.692913
0.728860 -0.127901 0.370229 -1.070866 -0.692913
0.732788 -0.129121 0.372258 -1.070866 -0.692913
0.736567 -0.129204 0.374287 -1.070866 -0.692913
0.740340 -0.130364 0.376315 -1.070866 -0.692913
0.744489 -0.132204 0.378344 -1.070866 -0.692913
0.748491 -0.134223 0.380372 -1.070866 -0.692913
0.752442 -0.135083 0.382401 -1.070866 -0.692913
0.756232 -0.133991 0.384430 -1.070866 -0.692913
0.760030 -0.138157 0.386458 -1.070866 -0.692913
0.762739 -0.139186 0.388487 -1.070866 -0.692913
0.000000 -nan 0.390516 -1.070866 -0.692913
0.000000 -nan 0.392544 -1.070866 -0.692913
0.000000 -nan 0.394573 -1.070866 -0.692913
0.000000 -nan 0.396602 -1.070866 -0.692913
0.000000 -nan 0.398630 -1.070866 -0.692913
0.000000 -nan 0.400659 -1.070866 -0.692913
0.000000 -nan 0.402688 -1.070866 -0.692913
0.000000 -nan 0.404716 -1.070866 -0.692913
0.000000 -nan 0.406745 -1.070866 -0.692913
0.000000 -nan 0.408774 -1.070866 -0.692913
0.000000 -nan 0.410802 -1.070866 -0.692913
0.000000 -nan 0.412831 -1.070866 -0.692913
0.000000 -nan 0.414860 -1.070866 -0.692913
0.000000 -nan 0.416888 -1.070866 -0.692913
0.000000 -nan 0.418917 -1.070866 -0.692913
0.000000 -nan 0.420946 -1.070866 -0.692913
0.000000 -nan 0.422974 -1.070866 -0.692913
0.000000 -nan 0.425003 -1.070866 -0.692913
0.000000 -nan 0.427032 -1.070866 -0.692913
0.000000 -nan 0.429060 -1.070866 -0.692913
0.000000 -nan 0.431089 -1.070866 -0.692913
0.000000 -nan 0.433117 -1.070866 -0.692913
0.000000 -nan 0.435146 -1.070866 -0.692913
0.000000 -nan 0.437175 -1.070866 -0.692913
0.000000 -nan 0.439203 -1.070866 -0.692913
0.000000 -nan 0.441232 -1.070866 -0.692913
0.000000 -nan 0.443261 -1.070866 -0.692913
0.000000 -nan 0.445289 -1.070866 -0.692913
0.000000 -nan 0.447318 -1.070866 -0.692913
0.000000 -nan 0.449347 -1.070866 -0.692913
0.000000 -nan 0.451375 -1.070866 -0.692913
0.000000 -nan 0.453404 -1.070866 -0.692913
0.000000 -nan 0.455433 -1.070866 -0.692913
0.000000 -nan 0.457461 -1.070866 -0.692913
0.000000 -nan 0.459490 -1.070866 -0.692913
0.000000 -nan 0.461519 -1.070866 -0.692913
0.000000 -nan 0.463547 -1.070866 -0.692913
0.000000 -nan 0.465576 -1.070866 -0.692913
0.000000 -nan 0.467605 -1.070866 -0.692913
0.000000 -nan 0.469633 -1.070866 -0.692913
0.000000 -nan 0.471662 -1.070866 -0.692913
0.000000 -nan 0.473691 -1.070866 -0.692913
0.000000 -nan 0.475719 -1.070866 -0.692913
0.000000 -nan 0.477748 -1.070866 -0.692913
0.000000 -nan 0.479777 -1.070866 -0.692913
0.000000 -nan 0.481805 -1.070866 -0.692913
0.000000 -nan 0.483834 -1.070866 -0.692913
0.000000 -nan 0.485862 -1.070866 -0.692913
0.000000 -nan 0.487891 -1.070866 -0.692913
0.000000 -nan 0.489920 -1.070866 -0.692913
0.000000 -nan 0.491948 -1.070866 -0.692913
0.000000 -nan 0.493977 -1.070866 -0.692913
0.000000 -nan 0.496006 -1.070866 -0.692913
0.000000 -nan 0.498034 -1.070866 -0.692913
0.000000 -nan 0.500063 -1.070866 -0.692913
0.000000 -nan 0.502092 -1.070866 -0.692913
0.000000 -nan 0.504120 -1.070866 -0.692913
0.000000 -nan 0.506149 -1.070866 -0.692913
