SoC E[V] Tiempo logChi logEle
0.002955 0.011207 0.000103 0.299213 0.299213
0.006643 0.007914 0.000310 0.299213 0.299213
0.010262 0.006738 0.000516 0.299213 0.299213
0.013902 0.005243 0.000723 0.299213 0.299213
0.017868 0.003789 0.000930 0.299213 0.299213
0.022086 0.002322 0.001136 0.299213 0.299213
0.025958 0.000956 0.001343 0.299213 0.299213
0.029944 0.000401 0.001549 0.299213 0.299213
0.034187 -0.001156 0.001756 0.299213 0.299213
0.038292 -0.002330 0.001962 0.299213 0.299213
0.041888 -0.001460 0.002169 0.299213 0.299213
0.045329 -0.002372 0.002376 0.299213 0.299213
0.049055 -0.003578 0.002582 0.299213 0.299213
0.052709 -0.005085 0.002789 0.299213 0.299213
0.056820 -0.005397 0.002995 0.299213 0.299213
0.060580 -0.005860 0.003202 0.299213 0.299213
0.064176 -0.006660 0.003409 0.299213 0.299213
0.068459 -0.008198 0.003615 0.299213 0.299213
0.072603 -0.008180 0.003822 0.299213 0.299213
0.076474 -0.008978 0.004028 0.299213 0.299213
0.080320 -0.010736 0.004235 0.299213 0.299213
0.084991 -0.011797 0.004441 0.299213 0.299213
0.089001 -0.011339 0.004648 0.299213 0.299213
0.092867 -0.012867 0.004855 0.299213 0.299213
0.096507 -0.013370 0.005061 0.299213 0.299213
0.100741 -0.014940 0.005268 0.299213 0.299213
0.104351 -0.013675 0.005474 0.299213 0.299213
0.108476 -0.015481 0.005681 0.299213 0.299213
0.112484 -0.014542 0.005887 0.299213 0.299213
0.116380 -0.017736 0.006094 0.299213 0.299213
0.120464 -0.016654 0.006301 0.299213 0.299213
0.124295 -0.017776 0.006507 0.299213 0.299213
0.128191 -0.018289 0.006714 0.299213 0.299213
0.131909 -0.017657 0.006920 0.299213 0.299213
0.135504 -0.018311 0.007127 0.299213 0.299213
0.139931 -0.020391 0.007333 0.299213 0.299213
0.144246 -0.023238 0.007540 0.299213 0.299213
0.148120 -0.024641 0.007747 0.299213 0.299213
0.152368 -0.027136 0.007953 0.299213 0.299213
0.155950 -0.028091 0.008160 0.299213 0.299213
0.159610 -0.026512 0.008366 0.299213 0.299213
0.163887 -0.029446 0.008573 0.299213 0.299213
0.168346 -0.031267 0.008780 0.299213 0.299213
0.172123 -0.032171 0.008986 0.299213 0.299213
0.175852 -0.033061 0.009193 0.299213 0.299213
0.179653 -0.033468 0.009399 0.299213 0.299213
0.183450 -0.031862 0.009606 0.299213 0.299213
0.187491 -0.037249 0.009812 0.299213 0.299213
0.191826 -0.037373 0.010019 0.299213 0.299213
0.195934 -0.038557 0.010226 0.299213 0.299213
0.199792 -0.039809 0.010432 0.299213 0.299213
0.203594 -0.039564 0.010639 0.299213 0.299213
0.207812 -0.043391 0.010845 0.299213 0.299213
0.211678 -0.043605 0.011052 0.299213 0.299213
0.215267 -0.047219 0.011258 0.299213 0.299213
0.218926 -0.049427 0.011465 0.299213 0.299213
0.223070 -0.053696 0.011672 0.299213 0.299213
0.227236 -0.054756 0.011878 0.299213 0.299213
0.231136 -0.057888 0.012085 0.299213 0.299213
0.235449 -0.067371 0.012291 0.299213 0.299213
0.240136 -0.072752 0.012498 0.299213 0.299213
0.244364 -0.070775 0.012704 0.299213 0.299213
0.248546 -0.075038 0.012911 0.299213 0.299213
0.252657 -0.070276 0.013118 0.299213 0.299213
0.256430 -0.071617 0.013324 0.299213 0.299213
0.260225 -0.077200 0.013531 0.299213 0.299213
0.263974 -0.077701 0.013737 0.299213 0.299213
0.267961 -0.079587 0.013944 0.299213 0.299213
0.272017 -0.086458 0.014151 0.299213 0.299213
0.275595 -0.087325 0.014357 0.299213 0.299213
0.279534 -0.091182 0.014564 0.299213 0.299213
0.283729 -0.101310 0.014770 0.299213 0.299213
0.287098 -0.118217 0.014977 0.299213 0.299213
0.000000 -nan 0.015183 0.299213 0.299213
0.000000 -nan 0.015390 0.299213 0.299213
0.000000 -nan 0.015597 0.299213 0.299213
0.000000 -nan 0.015803 0.299213 0.299213
0.000000 -nan 0.016010 0.299213 0.299213
0.000000 -nan 0.016216 0.299213 0.299213
0.000000 -nan 0.016423 0.299213 0.299213
0.000000 -nan 0.016629 0.299213 0.299213
0.000000 -nan 0.016836 0.299213 0.299213
0.000000 -nan 0.017043 0.299213 0.299213
0.000000 -nan 0.017249 0.299213 0.299213
0.000000 -nan 0.017456 0.299213 0.299213
0.000000 -nan 0.017662 0.299213 0.299213
0.000000 -nan 0.017869 0.299213 0.299213
0.000000 -nan 0.018075 0.299213 0.299213
0.000000 -nan 0.018282 0.299213 0.299213
0.000000 -nan 0.018489 0.299213 0.299213
0.000000 -nan 0.018695 0.299213 0.299213
0.000000 -nan 0.018902 0.299213 0.299213
0.000000 -nan 0.019108 0.299213 0.299213
0.000000 -nan 0.019315 0.299213 0.299213
0.000000 -nan 0.019522 0.299213 0.299213
0.000000 -nan 0.019728 0.299213 0.299213
0.000000 -nan 0.019935 0.299213 0.299213
0.000000 -nan 0.020141 0.299213 0.299213
0.000000 -nan 0.020348 0.299213 0.299213
0.000000 -nan 0.020554 0.299213 0.299213
0.000000 -nan 0.020761 0.299213 0.299213
0.000000 -nan 0.020968 0.299213 0.299213
0.000000 -nan 0.021174 0.299213 0.299213
0.000000 -nan 0.021381 0.299213 0.299213
0.000000 -nan 0.021587 0.299213 0.299213
0.000000 -nan 0.021794 0.299213 0.299213
0.000000 -nan 0.022000 0.299213 0.299213
0.000000 -nan 0.022207 0.299213 0.299213
0.000000 -nan 0.022414 0.299213 0.299213
0.000000 -nan 0.022620 0.299213 0.299213
0.000000 -nan 0.022827 0.299213 0.299213
0.000000 -nan 0.023033 0.299213 0.299213
0.000000 -nan 0.023240 0.299213 0.299213
0.000000 -nan 0.023446 0.299213 0.299213
0.000000 -nan 0.023653 0.299213 0.299213
0.000000 -nan 0.023860 0.299213 0.299213
0.000000 -nan 0.024066 0.299213 0.299213
0.000000 -nan 0.024273 0.299213 0.299213
0.000000 -nan 0.024479 0.299213 0.299213
0.000000 -nan 0.024686 0.299213 0.299213
0.000000 -nan 0.024893 0.299213 0.299213
0.000000 -nan 0.025099 0.299213 0.299213
0.000000 -nan 0.025306 0.299213 0.299213
0.000000 -nan 0.025512 0.299213 0.299213
0.000000 -nan 0.025719 0.299213 0.299213
0.000000 -nan 0.025925 0.299213 0.299213
0.000000 -nan 0.026132 0.299213 0.299213
0.000000 -nan 0.026339 0.299213 0.299213
0.000000 -nan 0.026545 0.299213 0.299213
0.000000 -nan 0.026752 0.299213 0.299213
0.000000 -nan 0.026958 0.299213 0.299213
0.000000 -nan 0.027165 0.299213 0.299213
0.000000 -nan 0.027371 0.299213 0.299213
0.000000 -nan 0.027578 0.299213 0.299213
0.000000 -nan 0.027785 0.299213 0.299213
0.000000 -nan 0.027991 0.299213 0.299213
0.000000 -nan 0.028198 0.299213 0.299213
0.000000 -nan 0.028404 0.299213 0.299213
0.000000 -nan 0.028611 0.299213 0.299213
0.000000 -nan 0.028817 0.299213 0.299213
0.000000 -nan 0.029024 0.299213 0.299213
0.000000 -nan 0.029231 0.299213 0.299213
0.000000 -nan 0.029437 0.299213 0.299213
0.000000 -nan 0.029644 0.299213 0.299213
0.000000 -nan 0.029850 0.299213 0.299213
0.000000 -nan 0.030057 0.299213 0.299213
0.000000 -nan 0.030264 0.299213 0.299213
0.000000 -nan 0.030470 0.299213 0.299213
0.000000 -nan 0.030677 0.299213 0.299213
0.000000 -nan 0.030883 0.299213 0.299213
0.000000 -nan 0.031090 0.299213 0.299213
0.000000 -nan 0.031296 0.299213 0.299213
0.000000 -nan 0.031503 0.299213 0.299213
0.000000 -nan 0.031710 0.299213 0.299213
0.000000 -nan 0.031916 0.299213 0.299213
0.000000 -nan 0.032123 0.299213 0.299213
0.000000 -nan 0.032329 0.299213 0.299213
0.000000 -nan 0.032536 0.299213 0.299213
0.000000 -nan 0.032742 0.299213 0.299213
0.000000 -nan 0.032949 0.299213 0.299213
0.000000 -nan 0.033156 0.299213 0.299213
0.000000 -nan 0.033362 0.299213 0.299213
0.000000 -nan 0.033569 0.299213 0.299213
0.000000 -nan 0.033775 0.299213 0.299213
0.000000 -nan 0.033982 0.299213 0.299213
0.000000 -nan 0.034188 0.299213 0.299213
0.000000 -nan 0.034395 0.299213 0.299213
0.000000 -nan 0.034602 0.299213 0.299213
0.000000 -nan 0.034808 0.299213 0.299213
0.000000 -nan 0.035015 0.299213 0.299213
0.000000 -nan 0.035221 0.299213 0.299213
0.000000 -nan 0.035428 0.299213 0.299213
0.000000 -nan 0.035635 0.299213 0.299213
0.000000 -nan 0.035841 0.299213 0.299213
0.000000 -nan 0.036048 0.299213 0.299213
0.000000 -nan 0.036254 0.299213 0.299213
0.000000 -nan 0.036461 0.299213 0.299213
0.000000 -nan 0.036667 0.299213 0.299213
0.000000 -nan 0.036874 0.299213 0.299213
0.000000 -nan 0.037081 0.299213 0.299213
0.000000 -nan 0.037287 0.299213 0.299213
0.000000 -nan 0.037494 0.299213 0.299213
0.000000 -nan 0.037700 0.299213 0.299213
0.000000 -nan 0.037907 0.299213 0.299213
0.000000 -nan 0.038113 0.299213 0.299213
0.000000 -nan 0.038320 0.299213 0.299213
0.000000 -nan 0.038527 0.299213 0.299213
0.000000 -nan 0.038733 0.299213 0.299213
0.000000 -nan 0.038940 0.299213 0.299213
0.000000 -nan 0.039146 0.299213 0.299213
0.000000 -nan 0.039353 0.299213 0.299213
0.000000 -nan 0.039559 0.299213 0.299213
0.000000 -nan 0.039766 0.299213 0.299213
0.000000 -nan 0.039973 0.299213 0.299213
0.000000 -nan 0.040179 0.299213 0.299213
0.000000 -nan 0.040386 0.299213 0.299213
0.000000 -nan 0.040592 0.299213 0.299213
0.000000 -nan 0.040799 0.299213 0.299213
0.000000 -nan 0.041006 0.299213 0.299213
0.000000 -nan 0.041212 0.299213 0.299213
0.000000 -nan 0.041419 0.299213 0.299213
0.000000 -nan 0.041625 0.299213 0.299213
0.000000 -nan 0.041832 0.299213 0.299213
0.000000 -nan 0.042038 0.299213 0.299213
0.000000 -nan 0.042245 0.299213 0.299213
0.000000 -nan 0.042452 0.299213 0.299213
0.000000 -nan 0.042658 0.299213 0.299213
0.000000 -nan 0.042865 0.299213 0.299213
0.000000 -nan 0.043071 0.299213 0.299213
0.000000 -nan 0.043278 0.299213 0.299213
0.000000 -nan 0.043484 0.299213 0.299213
0.000000 -nan 0.043691 0.299213 0.299213
0.000000 -nan 0.043898 0.299213 0.299213
0.000000 -nan 0.044104 0.299213 0.299213
0.000000 -nan 0.044311 0.299213 0.299213
0.000000 -nan 0.044517 0.299213 0.299213
0.000000 -nan 0.044724 0.299213 0.299213
0.000000 -nan 0.044930 0.299213 0.299213
0.000000 -nan 0.045137 0.299213 0.299213
0.000000 -nan 0.045344 0.299213 0.299213
0.000000 -nan 0.045550 0.299213 0.299213
0.000000 -nan 0.045757 0.299213 0.299213
0.000000 -nan 0.045963 0.299213 0.299213
0.000000 -nan 0.046170 0.299213 0.299213
0.000000 -nan 0.046377 0.299213 0.299213
0.000000 -nan 0.046583 0.299213 0.299213
0.000000 -nan 0.046790 0.299213 0.299213
0.000000 -nan 0.046996 0.299213 0.299213
0.000000 -nan 0.047203 0.299213 0.299213
0.000000 -nan 0.047409 0.299213 0.299213
0.000000 -nan 0.047616 0.299213 0.299213
0.000000 -nan 0.047823 0.299213 0.299213
0.000000 -nan 0.048029 0.299213 0.299213
0.000000 -nan 0.048236 0.299213 0.299213
0.000000 -nan 0.048442 0.299213 0.299213
0.000000 -nan 0.048649 0.299213 0.299213
0.000000 -nan 0.048855 0.299213 0.299213
0.000000 -nan 0.049062 0.299213 0.299213
0.000000 -nan 0.049269 0.299213 0.299213
0.000000 -nan 0.049475 0.299213 0.299213
0.000000 -nan 0.049682 0.299213 0.299213
0.000000 -nan 0.049888 0.299213 0.299213
0.000000 -nan 0.050095 0.299213 0.299213
0.000000 -nan 0.050301 0.299213 0.299213
0.000000 -nan 0.050508 0.299213 0.299213
0.000000 -nan 0.050715 0.299213 0.299213
0.000000 -nan 0.050921 0.299213 0.299213
0.000000 -nan 0.051128 0.299213 0.299213
0.000000 -nan 0.051334 0.299213 0.299213
0.000000 -nan 0.051541 0.299213 0.299213
