SoC E[V] Tiempo logChi logEle
0.002657 0.006331 0.000474 -0.078740 -0.362205
0.005882 0.003227 0.001421 -0.078740 -0.362205
0.009609 0.001269 0.002368 -0.078740 -0.362205
0.013732 -0.001589 0.003316 -0.078740 -0.362205
0.017881 -0.003503 0.004263 -0.078740 -0.362205
0.022060 -0.004663 0.005210 -0.078740 -0.362205
0.026783 -0.006396 0.006158 -0.078740 -0.362205
0.030963 -0.007816 0.007105 -0.078740 -0.362205
0.034835 -0.008802 0.008052 -0.078740 -0.362205
0.038375 -0.009807 0.009000 -0.078740 -0.362205
0.042522 -0.012109 0.009947 -0.078740 -0.362205
0.046588 -0.012360 0.010894 -0.078740 -0.362205
0.050482 -0.012490 0.011842 -0.078740 -0.362205
0.054476 -0.014916 0.012789 -0.078740 -0.362205
0.058252 -0.015757 0.013736 -0.078740 -0.362205
0.062598 -0.016308 0.014684 -0.078740 -0.362205
0.066934 -0.016045 0.015631 -0.078740 -0.362205
0.070662 -0.017303 0.016578 -0.078740 -0.362205
0.074371 -0.016801 0.017526 -0.078740 -0.362205
0.078567 -0.019218 0.018473 -0.078740 -0.362205
0.082615 -0.019256 0.019420 -0.078740 -0.362205
0.086640 -0.020338 0.020367 -0.078740 -0.362205
0.090755 -0.020089 0.021315 -0.078740 -0.362205
0.094988 -0.022121 0.022262 -0.078740 -0.362205
0.099120 -0.021924 0.023209 -0.078740 -0.362205
0.103085 -0.021563 0.024157 -0.078740 -0.362205
0.106638 -0.022290 0.025104 -0.078740 -0.362205
0.110929 -0.023453 0.026051 -0.078740 -0.362205
0.114741 -0.023851 0.026999 -0.078740 -0.362205
0.118716 -0.025981 0.027946 -0.078740 -0.362205
0.122652 -0.025345 0.028893 -0.078740 -0.362205
0.126512 -0.026408 0.029841 -0.078740 -0.362205
0.130452 -0.025848 0.030788 -0.078740 -0.362205
0.134168 -0.026862 0.031735 -0.078740 -0.362205
0.138237 -0.028480 0.032683 -0.078740 -0.362205
0.142369 -0.028095 0.033630 -0.078740 -0.362205
0.146567 -0.027931 0.034577 -0.078740 -0.362205
0.150691 -0.029421 0.035525 -0.078740 -0.362205
0.154503 -0.030102 0.036472 -0.078740 -0.362205
0.158470 -0.030351 0.037419 -0.078740 -0.362205
0.162442 -0.031206 0.038367 -0.078740 -0.362205
0.166187 -0.031685 0.039314 -0.078740 -0.362205
0.170021 -0.032383 0.040261 -0.078740 -0.362205
0.173563 -0.031071 0.041209 -0.078740 -0.362205
0.177994 -0.033511 0.042156 -0.078740 -0.362205
0.182263 -0.034750 0.043103 -0.078740 -0.362205
0.186661 -0.035123 0.044051 -0.078740 -0.362205
0.190508 -0.035533 0.044998 -0.078740 -0.362205
0.194459 -0.035013 0.045945 -0.078740 -0.362205
0.198426 -0.034960 0.046893 -0.078740 -0.362205
0.202540 -0.036254 0.047840 -0.078740 -0.362205
0.206305 -0.036094 0.048787 -0.078740 -0.362205
0.210558 -0.036807 0.049735 -0.078740 -0.362205
0.215037 -0.038996 0.050682 -0.078740 -0.362205
0.219115 -0.040280 0.051629 -0.078740 -0.362205
0.223086 -0.041626 0.052577 -0.078740 -0.362205
0.226897 -0.040209 0.053524 -0.078740 -0.362205
0.231196 -0.041179 0.054471 -0.078740 -0.362205
0.235077 -0.041079 0.055419 -0.078740 -0.362205
0.239201 -0.041999 0.056366 -0.078740 -0.362205
0.243575 -0.043296 0.057313 -0.078740 -0.362205
0.247497 -0.042964 0.058261 -0.078740 -0.362205
0.251343 -0.042932 0.059208 -0.078740 -0.362205
0.255751 -0.043430 0.060155 -0.078740 -0.362205
0.259722 -0.043380 0.061102 -0.078740 -0.362205
0.263687 -0.044915 0.062050 -0.078740 -0.362205
0.267801 -0.046118 0.062997 -0.078740 -0.362205
0.272082 -0.047422 0.063944 -0.078740 -0.362205
0.276386 -0.046902 0.064892 -0.078740 -0.362205
0.280184 -0.046240 0.065839 -0.078740 -0.362205
0.283910 -0.046543 0.066786 -0.078740 -0.362205
0.287873 -0.047738 0.067734 -0.078740 -0.362205
0.291978 -0.049683 0.068681 -0.078740 -0.362205
0.296083 -0.048929 0.069628 -0.078740 -0.362205
0.299933 -0.051218 0.070576 -0.078740 -0.362205
0.303928 -0.049812 0.071523 -0.078740 -0.362205
0.307657 -0.050212 0.072470 -0.078740 -0.362205
0.311368 -0.051198 0.073418 -0.078740 -0.362205
0.315769 -0.051917 0.074365 -0.078740 -0.362205
0.319731 -0.050742 0.075312 -0.078740 -0.362205
0.323568 -0.053013 0.076260 -0.078740 -0.362205
0.327662 -0.053686 0.077207 -0.078740 -0.362205
0.332517 -0.055533 0.078154 -0.078740 -0.362205
0.336966 -0.055984 0.079102 -0.078740 -0.362205
0.340690 -0.056441 0.080049 -0.078740 -0.362205
0.344525 -0.055977 0.080996 -0.078740 -0.362205
0.348692 -0.056190 0.081944 -0.078740 -0.362205
0.352830 -0.056251 0.082891 -0.078740 -0.362205
0.357024 -0.057631 0.083838 -0.078740 -0.362205
0.361362 -0.059162 0.084786 -0.078740 -0.362205
0.365357 -0.058985 0.085733 -0.078740 -0.362205
0.369590 -0.060817 0.086680 -0.078740 -0.362205
0.373514 -0.060964 0.087628 -0.078740 -0.362205
0.377582 -0.060341 0.088575 -0.078740 -0.362205
0.381741 -0.062499 0.089522 -0.078740 -0.362205
0.386256 -0.062502 0.090470 -0.078740 -0.362205
0.390379 -0.064886 0.091417 -0.078740 -0.362205
0.394319 -0.065507 0.092364 -0.078740 -0.362205
0.398433 -0.066499 0.093312 -0.078740 -0.362205
0.402603 -0.066044 0.094259 -0.078740 -0.362205
0.406428 -0.066754 0.095206 -0.078740 -0.362205
0.410112 -0.066337 0.096154 -0.078740 -0.362205
0.414573 -0.068286 0.097101 -0.078740 -0.362205
0.418735 -0.068423 0.098048 -0.078740 -0.362205
0.422940 -0.068517 0.098995 -0.078740 -0.362205
0.426769 -0.068051 0.099943 -0.078740 -0.362205
0.430566 -0.069535 0.100890 -0.078740 -0.362205
0.434929 -0.071497 0.101837 -0.078740 -0.362205
0.438604 -0.071450 0.102785 -0.078740 -0.362205
0.443045 -0.072348 0.103732 -0.078740 -0.362205
0.446747 -0.072255 0.104679 -0.078740 -0.362205
0.450568 -0.072422 0.105627 -0.078740 -0.362205
0.454484 -0.073649 0.106574 -0.078740 -0.362205
0.458589 -0.075478 0.107521 -0.078740 -0.362205
0.462268 -0.074196 0.108469 -0.078740 -0.362205
0.466068 -0.075177 0.109416 -0.078740 -0.362205
0.470102 -0.076025 0.110363 -0.078740 -0.362205
0.474493 -0.077518 0.111311 -0.078740 -0.362205
0.478684 -0.078124 0.112258 -0.078740 -0.362205
0.482769 -0.077374 0.113205 -0.078740 -0.362205
0.486629 -0.077488 0.114153 -0.078740 -0.362205
0.490438 -0.079278 0.115100 -0.078740 -0.362205
0.494137 -0.079424 0.116047 -0.078740 -0.362205
0.498184 -0.081040 0.116995 -0.078740 -0.362205
0.501913 -0.081794 0.117942 -0.078740 -0.362205
0.505532 -0.081470 0.118889 -0.078740 -0.362205
0.509645 -0.082244 0.119837 -0.078740 -0.362205
0.513871 -0.084677 0.120784 -0.078740 -0.362205
0.518083 -0.085271 0.121731 -0.078740 -0.362205
0.522119 -0.085463 0.122679 -0.078740 -0.362205
0.526184 -0.086242 0.123626 -0.078740 -0.362205
0.530034 -0.086933 0.124573 -0.078740 -0.362205
0.533970 -0.088019 0.125521 -0.078740 -0.362205
0.537736 -0.087977 0.126468 -0.078740 -0.362205
0.541515 -0.086958 0.127415 -0.078740 -0.362205
0.545385 -0.089072 0.128363 -0.078740 -0.362205
0.549002 -0.089137 0.129310 -0.078740 -0.362205
0.553013 -0.091194 0.130257 -0.078740 -0.362205
0.556782 -0.091322 0.131205 -0.078740 -0.362205
0.561188 -0.094189 0.132152 -0.078740 -0.362205
0.566086 -0.098036 0.133099 -0.078740 -0.362205
0.570017 -0.095322 0.134047 -0.078740 -0.362205
0.574001 -0.096345 0.134994 -0.078740 -0.362205
0.577711 -0.096818 0.135941 -0.078740 -0.362205
0.581598 -0.097734 0.136889 -0.078740 -0.362205
0.585418 -0.098532 0.137836 -0.078740 -0.362205
0.589739 -0.100239 0.138783 -0.078740 -0.362205
0.593602 -0.100524 0.139730 -0.078740 -0.362205
0.597239 -0.098738 0.140678 -0.078740 -0.362205
0.600958 -0.104277 0.141625 -0.078740 -0.362205
0.605006 -0.105249 0.142572 -0.078740 -0.362205
0.608659 -0.104970 0.143520 -0.078740 -0.362205
0.612902 -0.106994 0.144467 -0.078740 -0.362205
0.616932 -0.107137 0.145414 -0.078740 -0.362205
0.620961 -0.107119 0.146362 -0.078740 -0.362205
0.625084 -0.109167 0.147309 -0.078740 -0.362205
0.628725 -0.109863 0.148256 -0.078740 -0.362205
0.632453 -0.108893 0.149204 -0.078740 -0.362205
0.636568 -0.112309 0.150151 -0.078740 -0.362205
0.641048 -0.111961 0.151098 -0.078740 -0.362205
0.645368 -0.112423 0.152046 -0.078740 -0.362205
0.649287 -0.113960 0.152993 -0.078740 -0.362205
0.653504 -0.115267 0.153940 -0.078740 -0.362205
0.657710 -0.117235 0.154888 -0.078740 -0.362205
0.661393 -0.117146 0.155835 -0.078740 -0.362205
0.664918 -0.117061 0.156782 -0.078740 -0.362205
0.668992 -0.117784 0.157730 -0.078740 -0.362205
0.673541 -0.120533 0.158677 -0.078740 -0.362205
0.677707 -0.122531 0.159624 -0.078740 -0.362205
0.682014 -0.121383 0.160572 -0.078740 -0.362205
0.686144 -0.125667 0.161519 -0.078740 -0.362205
0.690623 -0.126617 0.162466 -0.078740 -0.362205
0.694613 -0.126357 0.163414 -0.078740 -0.362205
0.698540 -0.128834 0.164361 -0.078740 -0.362205
0.702696 -0.129834 0.165308 -0.078740 -0.362205
0.706843 -0.133021 0.166256 -0.078740 -0.362205
0.710555 -0.134310 0.167203 -0.078740 -0.362205
0.000000 -nan 0.168150 -0.078740 -0.362205
0.000000 -nan 0.169098 -0.078740 -0.362205
0.000000 -nan 0.170045 -0.078740 -0.362205
0.000000 -nan 0.170992 -0.078740 -0.362205
0.000000 -nan 0.171940 -0.078740 -0.362205
0.000000 -nan 0.172887 -0.078740 -0.362205
0.000000 -nan 0.173834 -0.078740 -0.362205
0.000000 -nan 0.174782 -0.078740 -0.362205
0.000000 -nan 0.175729 -0.078740 -0.362205
0.000000 -nan 0.176676 -0.078740 -0.362205
0.000000 -nan 0.177624 -0.078740 -0.362205
0.000000 -nan 0.178571 -0.078740 -0.362205
0.000000 -nan 0.179518 -0.078740 -0.362205
0.000000 -nan 0.180465 -0.078740 -0.362205
0.000000 -nan 0.181413 -0.078740 -0.362205
0.000000 -nan 0.182360 -0.078740 -0.362205
0.000000 -nan 0.183307 -0.078740 -0.362205
0.000000 -nan 0.184255 -0.078740 -0.362205
0.000000 -nan 0.185202 -0.078740 -0.362205
0.000000 -nan 0.186149 -0.078740 -0.362205
0.000000 -nan 0.187097 -0.078740 -0.362205
0.000000 -nan 0.188044 -0.078740 -0.362205
0.000000 -nan 0.188991 -0.078740 -0.362205
0.000000 -nan 0.189939 -0.078740 -0.362205
0.000000 -nan 0.190886 -0.078740 -0.362205
0.000000 -nan 0.191833 -0.078740 -0.362205
0.000000 -nan 0.192781 -0.078740 -0.362205
0.000000 -nan 0.193728 -0.078740 -0.362205
0.000000 -nan 0.194675 -0.078740 -0.362205
0.000000 -nan 0.195623 -0.078740 -0.362205
0.000000 -nan 0.196570 -0.078740 -0.362205
0.000000 -nan 0.197517 -0.078740 -0.362205
0.000000 -nan 0.198465 -0.078740 -0.362205
0.000000 -nan 0.199412 -0.078740 -0.362205
0.000000 -nan 0.200359 -0.078740 -0.362205
0.000000 -nan 0.201307 -0.078740 -0.362205
0.000000 -nan 0.202254 -0.078740 -0.362205
0.000000 -nan 0.203201 -0.078740 -0.362205
0.000000 -nan 0.204149 -0.078740 -0.362205
0.000000 -nan 0.205096 -0.078740 -0.362205
0.000000 -nan 0.206043 -0.078740 -0.362205
0.000000 -nan 0.206991 -0.078740 -0.362205
0.000000 -nan 0.207938 -0.078740 -0.362205
0.000000 -nan 0.208885 -0.078740 -0.362205
0.000000 -nan 0.209833 -0.078740 -0.362205
0.000000 -nan 0.210780 -0.078740 -0.362205
0.000000 -nan 0.211727 -0.078740 -0.362205
0.000000 -nan 0.212675 -0.078740 -0.362205
0.000000 -nan 0.213622 -0.078740 -0.362205
0.000000 -nan 0.214569 -0.078740 -0.362205
0.000000 -nan 0.215517 -0.078740 -0.362205
0.000000 -nan 0.216464 -0.078740 -0.362205
0.000000 -nan 0.217411 -0.078740 -0.362205
0.000000 -nan 0.218359 -0.078740 -0.362205
0.000000 -nan 0.219306 -0.078740 -0.362205
0.000000 -nan 0.220253 -0.078740 -0.362205
0.000000 -nan 0.221200 -0.078740 -0.362205
0.000000 -nan 0.222148 -0.078740 -0.362205
0.000000 -nan 0.223095 -0.078740 -0.362205
0.000000 -nan 0.224042 -0.078740 -0.362205
0.000000 -nan 0.224990 -0.078740 -0.362205
0.000000 -nan 0.225937 -0.078740 -0.362205
0.000000 -nan 0.226884 -0.078740 -0.362205
0.000000 -nan 0.227832 -0.078740 -0.362205
0.000000 -nan 0.228779 -0.078740 -0.362205
0.000000 -nan 0.229726 -0.078740 -0.362205
0.000000 -nan 0.230674 -0.078740 -0.362205
0.000000 -nan 0.231621 -0.078740 -0.362205
0.000000 -nan 0.232568 -0.078740 -0.362205
0.000000 -nan 0.233516 -0.078740 -0.362205
0.000000 -nan 0.234463 -0.078740 -0.362205
0.000000 -nan 0.235410 -0.078740 -0.362205
0.000000 -nan 0.236358 -0.078740 -0.362205
