SoC E[V] Tiempo logChi logEle
0.001311 -0.082399 0.000221 -0.692913 -0.031496
0.004500 -0.086261 0.000664 -0.692913 -0.031496
0.008230 -0.089364 0.001106 -0.692913 -0.031496
0.012130 -0.091546 0.001548 -0.692913 -0.031496
0.016046 -0.092764 0.001991 -0.692913 -0.031496
0.019818 -0.093931 0.002433 -0.692913 -0.031496
0.024041 -0.097141 0.002875 -0.692913 -0.031496
0.028380 -0.099256 0.003318 -0.692913 -0.031496
0.032196 -0.099164 0.003760 -0.692913 -0.031496
0.036412 -0.101456 0.004203 -0.692913 -0.031496
0.040381 -0.101987 0.004645 -0.692913 -0.031496
0.044464 -0.103623 0.005087 -0.692913 -0.031496
0.048603 -0.104861 0.005530 -0.692913 -0.031496
0.052726 -0.106611 0.005972 -0.692913 -0.031496
0.056772 -0.107366 0.006414 -0.692913 -0.031496
0.060681 -0.107234 0.006857 -0.692913 -0.031496
0.064731 -0.108558 0.007299 -0.692913 -0.031496
0.068571 -0.108338 0.007742 -0.692913 -0.031496
0.072718 -0.110906 0.008184 -0.692913 -0.031496
0.076543 -0.111176 0.008626 -0.692913 -0.031496
0.080141 -0.112459 0.009069 -0.692913 -0.031496
0.084059 -0.113496 0.009511 -0.692913 -0.031496
0.088080 -0.114515 0.009953 -0.692913 -0.031496
0.092120 -0.114920 0.010396 -0.692913 -0.031496
0.096363 -0.116082 0.010838 -0.692913 -0.031496
0.100513 -0.116631 0.011281 -0.692913 -0.031496
0.104564 -0.118084 0.011723 -0.692913 -0.031496
0.108517 -0.117493 0.012165 -0.692913 -0.031496
0.112660 -0.118869 0.012608 -0.692913 -0.031496
0.116574 -0.119003 0.013050 -0.692913 -0.031496
0.120377 -0.119853 0.013492 -0.692913 -0.031496
0.124326 -0.123747 0.013935 -0.692913 -0.031496
0.128434 -0.122495 0.014377 -0.692913 -0.031496
0.132472 -0.124053 0.014820 -0.692913 -0.031496
0.136720 -0.124364 0.015262 -0.692913 -0.031496
0.140748 -0.124923 0.015704 -0.692913 -0.031496
0.144622 -0.124743 0.016147 -0.692913 -0.031496
0.148596 -0.124487 0.016589 -0.692913 -0.031496
0.152626 -0.125145 0.017031 -0.692913 -0.031496
0.156288 -0.125304 0.017474 -0.692913 -0.031496
0.160227 -0.126643 0.017916 -0.692913 -0.031496
0.164371 -0.128085 0.018359 -0.692913 -0.031496
0.168536 -0.128221 0.018801 -0.692913 -0.031496
0.172023 -0.127337 0.019243 -0.692913 -0.031496
0.175810 -0.128188 0.019686 -0.692913 -0.031496
0.179423 -0.129028 0.020128 -0.692913 -0.031496
0.182983 -0.129611 0.020570 -0.692913 -0.031496
0.186629 -0.130592 0.021013 -0.692913 -0.031496
0.190611 -0.131635 0.021455 -0.692913 -0.031496
0.194496 -0.132779 0.021898 -0.692913 -0.031496
0.198309 -0.132318 0.022340 -0.692913 -0.031496
0.202464 -0.132767 0.022782 -0.692913 -0.031496
0.206487 -0.132650 0.023225 -0.692913 -0.031496
0.210614 -0.132670 0.023667 -0.692913 -0.031496
0.214298 -0.135074 0.024109 -0.692913 -0.031496
0.218463 -0.136101 0.024552 -0.692913 -0.031496
0.222596 -0.136541 0.024994 -0.692913 -0.031496
0.226679 -0.136458 0.025437 -0.692913 -0.031496
0.230518 -0.136877 0.025879 -0.692913 -0.031496
0.234289 -0.137679 0.026321 -0.692913 -0.031496
0.238402 -0.139211 0.026764 -0.692913 -0.031496
0.242162 -0.138916 0.027206 -0.692913 -0.031496
0.246215 -0.140233 0.027648 -0.692913 -0.031496
0.249939 -0.140161 0.028091 -0.692913 -0.031496
0.253960 -0.140545 0.028533 -0.692913 -0.031496
0.257428 -0.141833 0.028976 -0.692913 -0.031496
0.000000 -nan 0.029418 -0.692913 -0.031496
0.000000 -nan 0.029860 -0.692913 -0.031496
0.000000 -nan 0.030303 -0.692913 -0.031496
0.000000 -nan 0.030745 -0.692913 -0.031496
0.000000 -nan 0.031187 -0.692913 -0.031496
0.000000 -nan 0.031630 -0.692913 -0.031496
0.000000 -nan 0.032072 -0.692913 -0.031496
0.000000 -nan 0.032515 -0.692913 -0.031496
0.000000 -nan 0.032957 -0.692913 -0.031496
0.000000 -nan 0.033399 -0.692913 -0.031496
0.000000 -nan 0.033842 -0.692913 -0.031496
0.000000 -nan 0.034284 -0.692913 -0.031496
0.000000 -nan 0.034726 -0.692913 -0.031496
0.000000 -nan 0.035169 -0.692913 -0.031496
0.000000 -nan 0.035611 -0.692913 -0.031496
0.000000 -nan 0.036054 -0.692913 -0.031496
0.000000 -nan 0.036496 -0.692913 -0.031496
0.000000 -nan 0.036938 -0.692913 -0.031496
0.000000 -nan 0.037381 -0.692913 -0.031496
0.000000 -nan 0.037823 -0.692913 -0.031496
0.000000 -nan 0.038265 -0.692913 -0.031496
0.000000 -nan 0.038708 -0.692913 -0.031496
0.000000 -nan 0.039150 -0.692913 -0.031496
0.000000 -nan 0.039593 -0.692913 -0.031496
0.000000 -nan 0.040035 -0.692913 -0.031496
0.000000 -nan 0.040477 -0.692913 -0.031496
0.000000 -nan 0.040920 -0.692913 -0.031496
0.000000 -nan 0.041362 -0.692913 -0.031496
0.000000 -nan 0.041804 -0.692913 -0.031496
0.000000 -nan 0.042247 -0.692913 -0.031496
0.000000 -nan 0.042689 -0.692913 -0.031496
0.000000 -nan 0.043132 -0.692913 -0.031496
0.000000 -nan 0.043574 -0.692913 -0.031496
0.000000 -nan 0.044016 -0.692913 -0.031496
0.000000 -nan 0.044459 -0.692913 -0.031496
0.000000 -nan 0.044901 -0.692913 -0.031496
0.000000 -nan 0.045343 -0.692913 -0.031496
0.000000 -nan 0.045786 -0.692913 -0.031496
0.000000 -nan 0.046228 -0.692913 -0.031496
0.000000 -nan 0.046671 -0.692913 -0.031496
0.000000 -nan 0.047113 -0.692913 -0.031496
0.000000 -nan 0.047555 -0.692913 -0.031496
0.000000 -nan 0.047998 -0.692913 -0.031496
0.000000 -nan 0.048440 -0.692913 -0.031496
0.000000 -nan 0.048882 -0.692913 -0.031496
0.000000 -nan 0.049325 -0.692913 -0.031496
0.000000 -nan 0.049767 -0.692913 -0.031496
0.000000 -nan 0.050210 -0.692913 -0.031496
0.000000 -nan 0.050652 -0.692913 -0.031496
0.000000 -nan 0.051094 -0.692913 -0.031496
0.000000 -nan 0.051537 -0.692913 -0.031496
0.000000 -nan 0.051979 -0.692913 -0.031496
0.000000 -nan 0.052421 -0.692913 -0.031496
0.000000 -nan 0.052864 -0.692913 -0.031496
0.000000 -nan 0.053306 -0.692913 -0.031496
0.000000 -nan 0.053749 -0.692913 -0.031496
0.000000 -nan 0.054191 -0.692913 -0.031496
0.000000 -nan 0.054633 -0.692913 -0.031496
0.000000 -nan 0.055076 -0.692913 -0.031496
0.000000 -nan 0.055518 -0.692913 -0.031496
0.000000 -nan 0.055960 -0.692913 -0.031496
0.000000 -nan 0.056403 -0.692913 -0.031496
0.000000 -nan 0.056845 -0.692913 -0.031496
0.000000 -nan 0.057288 -0.692913 -0.031496
0.000000 -nan 0.057730 -0.692913 -0.031496
0.000000 -nan 0.058172 -0.692913 -0.031496
0.000000 -nan 0.058615 -0.692913 -0.031496
0.000000 -nan 0.059057 -0.692913 -0.031496
0.000000 -nan 0.059499 -0.692913 -0.031496
0.000000 -nan 0.059942 -0.692913 -0.031496
0.000000 -nan 0.060384 -0.692913 -0.031496
0.000000 -nan 0.060827 -0.692913 -0.031496
0.000000 -nan 0.061269 -0.692913 -0.031496
0.000000 -nan 0.061711 -0.692913 -0.031496
0.000000 -nan 0.062154 -0.692913 -0.031496
0.000000 -nan 0.062596 -0.692913 -0.031496
0.000000 -nan 0.063038 -0.692913 -0.031496
0.000000 -nan 0.063481 -0.692913 -0.031496
0.000000 -nan 0.063923 -0.692913 -0.031496
0.000000 -nan 0.064366 -0.692913 -0.031496
0.000000 -nan 0.064808 -0.692913 -0.031496
0.000000 -nan 0.065250 -0.692913 -0.031496
0.000000 -nan 0.065693 -0.692913 -0.031496
0.000000 -nan 0.066135 -0.692913 -0.031496
0.000000 -nan 0.066577 -0.692913 -0.031496
0.000000 -nan 0.067020 -0.692913 -0.031496
0.000000 -nan 0.067462 -0.692913 -0.031496
0.000000 -nan 0.067905 -0.692913 -0.031496
0.000000 -nan 0.068347 -0.692913 -0.031496
0.000000 -nan 0.068789 -0.692913 -0.031496
0.000000 -nan 0.069232 -0.692913 -0.031496
0.000000 -nan 0.069674 -0.692913 -0.031496
0.000000 -nan 0.070116 -0.692913 -0.031496
0.000000 -nan 0.070559 -0.692913 -0.031496
0.000000 -nan 0.071001 -0.692913 -0.031496
0.000000 -nan 0.071444 -0.692913 -0.031496
0.000000 -nan 0.071886 -0.692913 -0.031496
0.000000 -nan 0.072328 -0.692913 -0.031496
0.000000 -nan 0.072771 -0.692913 -0.031496
0.000000 -nan 0.073213 -0.692913 -0.031496
0.000000 -nan 0.073655 -0.692913 -0.031496
0.000000 -nan 0.074098 -0.692913 -0.031496
0.000000 -nan 0.074540 -0.692913 -0.031496
0.000000 -nan 0.074983 -0.692913 -0.031496
0.000000 -nan 0.075425 -0.692913 -0.031496
0.000000 -nan 0.075867 -0.692913 -0.031496
0.000000 -nan 0.076310 -0.692913 -0.031496
0.000000 -nan 0.076752 -0.692913 -0.031496
0.000000 -nan 0.077194 -0.692913 -0.031496
0.000000 -nan 0.077637 -0.692913 -0.031496
0.000000 -nan 0.078079 -0.692913 -0.031496
0.000000 -nan 0.078522 -0.692913 -0.031496
0.000000 -nan 0.078964 -0.692913 -0.031496
0.000000 -nan 0.079406 -0.692913 -0.031496
0.000000 -nan 0.079849 -0.692913 -0.031496
0.000000 -nan 0.080291 -0.692913 -0.031496
0.000000 -nan 0.080733 -0.692913 -0.031496
0.000000 -nan 0.081176 -0.692913 -0.031496
0.000000 -nan 0.081618 -0.692913 -0.031496
0.000000 -nan 0.082061 -0.692913 -0.031496
0.000000 -nan 0.082503 -0.692913 -0.031496
0.000000 -nan 0.082945 -0.692913 -0.031496
0.000000 -nan 0.083388 -0.692913 -0.031496
0.000000 -nan 0.083830 -0.692913 -0.031496
0.000000 -nan 0.084272 -0.692913 -0.031496
0.000000 -nan 0.084715 -0.692913 -0.031496
0.000000 -nan 0.085157 -0.692913 -0.031496
0.000000 -nan 0.085600 -0.692913 -0.031496
0.000000 -nan 0.086042 -0.692913 -0.031496
0.000000 -nan 0.086484 -0.692913 -0.031496
0.000000 -nan 0.086927 -0.692913 -0.031496
0.000000 -nan 0.087369 -0.692913 -0.031496
0.000000 -nan 0.087811 -0.692913 -0.031496
0.000000 -nan 0.088254 -0.692913 -0.031496
0.000000 -nan 0.088696 -0.692913 -0.031496
0.000000 -nan 0.089139 -0.692913 -0.031496
0.000000 -nan 0.089581 -0.692913 -0.031496
0.000000 -nan 0.090023 -0.692913 -0.031496
0.000000 -nan 0.090466 -0.692913 -0.031496
0.000000 -nan 0.090908 -0.692913 -0.031496
0.000000 -nan 0.091350 -0.692913 -0.031496
0.000000 -nan 0.091793 -0.692913 -0.031496
0.000000 -nan 0.092235 -0.692913 -0.031496
0.000000 -nan 0.092678 -0.692913 -0.031496
0.000000 -nan 0.093120 -0.692913 -0.031496
0.000000 -nan 0.093562 -0.692913 -0.031496
0.000000 -nan 0.094005 -0.692913 -0.031496
0.000000 -nan 0.094447 -0.692913 -0.031496
0.000000 -nan 0.094889 -0.692913 -0.031496
0.000000 -nan 0.095332 -0.692913 -0.031496
0.000000 -nan 0.095774 -0.692913 -0.031496
0.000000 -nan 0.096217 -0.692913 -0.031496
0.000000 -nan 0.096659 -0.692913 -0.031496
0.000000 -nan 0.097101 -0.692913 -0.031496
0.000000 -nan 0.097544 -0.692913 -0.031496
0.000000 -nan 0.097986 -0.692913 -0.031496
0.000000 -nan 0.098428 -0.692913 -0.031496
0.000000 -nan 0.098871 -0.692913 -0.031496
0.000000 -nan 0.099313 -0.692913 -0.031496
0.000000 -nan 0.099756 -0.692913 -0.031496
0.000000 -nan 0.100198 -0.692913 -0.031496
0.000000 -nan 0.100640 -0.692913 -0.031496
0.000000 -nan 0.101083 -0.692913 -0.031496
0.000000 -nan 0.101525 -0.692913 -0.031496
0.000000 -nan 0.101967 -0.692913 -0.031496
0.000000 -nan 0.102410 -0.692913 -0.031496
0.000000 -nan 0.102852 -0.692913 -0.031496
0.000000 -nan 0.103295 -0.692913 -0.031496
0.000000 -nan 0.103737 -0.692913 -0.031496
0.000000 -nan 0.104179 -0.692913 -0.031496
0.000000 -nan 0.104622 -0.692913 -0.031496
0.000000 -nan 0.105064 -0.692913 -0.031496
0.000000 -nan 0.105506 -0.692913 -0.031496
0.000000 -nan 0.105949 -0.692913 -0.031496
0.000000 -nan 0.106391 -0.692913 -0.031496
0.000000 -nan 0.106834 -0.692913 -0.031496
0.000000 -nan 0.107276 -0.692913 -0.031496
0.000000 -nan 0.107718 -0.692913 -0.031496
0.000000 -nan 0.108161 -0.692913 -0.031496
0.000000 -nan 0.108603 -0.692913 -0.031496
0.000000 -nan 0.109045 -0.692913 -0.031496
0.000000 -nan 0.109488 -0.692913 -0.031496
0.000000 -nan 0.109930 -0.692913 -0.031496
0.000000 -nan 0.110373 -0.692913 -0.031496
