SoC E[V] Tiempo logChi logEle
0.002042 -0.086640 0.004652 -1.401575 -1.354331
0.005684 -0.087459 0.013955 -1.401575 -1.354331
0.009744 -0.087999 0.023258 -1.401575 -1.354331
0.013887 -0.088533 0.032561 -1.401575 -1.354331
0.017984 -0.088918 0.041864 -1.401575 -1.354331
0.021805 -0.089156 0.051167 -1.401575 -1.354331
0.025766 -0.089670 0.060470 -1.401575 -1.354331
0.029934 -0.090091 0.069773 -1.401575 -1.354331
0.034241 -0.090261 0.079076 -1.401575 -1.354331
0.038163 -0.090880 0.088379 -1.401575 -1.354331
0.042022 -0.091265 0.097682 -1.401575 -1.354331
0.046027 -0.091401 0.106985 -1.401575 -1.354331
0.050398 -0.092164 0.116288 -1.401575 -1.354331
0.054777 -0.092274 0.125591 -1.401575 -1.354331
0.059148 -0.093097 0.134894 -1.401575 -1.354331
0.062857 -0.093028 0.144197 -1.401575 -1.354331
0.066764 -0.093667 0.153500 -1.401575 -1.354331
0.070729 -0.094065 0.162803 -1.401575 -1.354331
0.074801 -0.094593 0.172106 -1.401575 -1.354331
0.078776 -0.095336 0.181409 -1.401575 -1.354331
0.082842 -0.095165 0.190712 -1.401575 -1.354331
0.087298 -0.096025 0.200015 -1.401575 -1.354331
0.091387 -0.096189 0.209319 -1.401575 -1.354331
0.094937 -0.096270 0.218622 -1.401575 -1.354331
0.098781 -0.097146 0.227925 -1.401575 -1.354331
0.102738 -0.097466 0.237228 -1.401575 -1.354331
0.106719 -0.098076 0.246531 -1.401575 -1.354331
0.111032 -0.098380 0.255834 -1.401575 -1.354331
0.115068 -0.098780 0.265137 -1.401575 -1.354331
0.119040 -0.099303 0.274440 -1.401575 -1.354331
0.123193 -0.099647 0.283743 -1.401575 -1.354331
0.126936 -0.100017 0.293046 -1.401575 -1.354331
0.130825 -0.100782 0.302349 -1.401575 -1.354331
0.134934 -0.100992 0.311652 -1.401575 -1.354331
0.139333 -0.101545 0.320955 -1.401575 -1.354331
0.143638 -0.102062 0.330258 -1.401575 -1.354331
0.147727 -0.102622 0.339561 -1.401575 -1.354331
0.152086 -0.102826 0.348864 -1.401575 -1.354331
0.156150 -0.103194 0.358167 -1.401575 -1.354331
0.160214 -0.103952 0.367470 -1.401575 -1.354331
0.164652 -0.104526 0.376773 -1.401575 -1.354331
0.168906 -0.104642 0.386076 -1.401575 -1.354331
0.172858 -0.104938 0.395379 -1.401575 -1.354331
0.176287 -0.105492 0.404682 -1.401575 -1.354331
0.180489 -0.106380 0.413986 -1.401575 -1.354331
0.184944 -0.106559 0.423289 -1.401575 -1.354331
0.188957 -0.106632 0.432592 -1.401575 -1.354331
0.193192 -0.107848 0.441895 -1.401575 -1.354331
0.197209 -0.108041 0.451198 -1.401575 -1.354331
0.201470 -0.108262 0.460501 -1.401575 -1.354331
0.205602 -0.109224 0.469804 -1.401575 -1.354331
0.209717 -0.109730 0.479107 -1.401575 -1.354331
0.213442 -0.109866 0.488410 -1.401575 -1.354331
0.217251 -0.110593 0.497713 -1.401575 -1.354331
0.221309 -0.111113 0.507016 -1.401575 -1.354331
0.225050 -0.111574 0.516319 -1.401575 -1.354331
0.228732 -0.111346 0.525622 -1.401575 -1.354331
0.232702 -0.112365 0.534925 -1.401575 -1.354331
0.237025 -0.112633 0.544228 -1.401575 -1.354331
0.240972 -0.112643 0.553531 -1.401575 -1.354331
0.244762 -0.113046 0.562834 -1.401575 -1.354331
0.248771 -0.113462 0.572137 -1.401575 -1.354331
0.252893 -0.114315 0.581440 -1.401575 -1.354331
0.256701 -0.114517 0.590743 -1.401575 -1.354331
0.260609 -0.115439 0.600046 -1.401575 -1.354331
0.264473 -0.115544 0.609349 -1.401575 -1.354331
0.268379 -0.116068 0.618653 -1.401575 -1.354331
0.272522 -0.116616 0.627956 -1.401575 -1.354331
0.276347 -0.117447 0.637259 -1.401575 -1.354331
0.280188 -0.118410 0.646562 -1.401575 -1.354331
0.283938 -0.118694 0.655865 -1.401575 -1.354331
0.287749 -0.118889 0.665168 -1.401575 -1.354331
0.291931 -0.119569 0.674471 -1.401575 -1.354331
0.295798 -0.119970 0.683774 -1.401575 -1.354331
0.299626 -0.120627 0.693077 -1.401575 -1.354331
0.303407 -0.121484 0.702380 -1.401575 -1.354331
0.307744 -0.121896 0.711683 -1.401575 -1.354331
0.311915 -0.121978 0.720986 -1.401575 -1.354331
0.315630 -0.122619 0.730289 -1.401575 -1.354331
0.319437 -0.122611 0.739592 -1.401575 -1.354331
0.323467 -0.122568 0.748895 -1.401575 -1.354331
0.327310 -0.123377 0.758198 -1.401575 -1.354331
0.331410 -0.123805 0.767501 -1.401575 -1.354331
0.335764 -0.125463 0.776804 -1.401575 -1.354331
0.339519 -0.125778 0.786107 -1.401575 -1.354331
0.343519 -0.126340 0.795410 -1.401575 -1.354331
0.347524 -0.126131 0.804713 -1.401575 -1.354331
0.351584 -0.127849 0.814017 -1.401575 -1.354331
0.355623 -0.128326 0.823320 -1.401575 -1.354331
0.359420 -0.127820 0.832623 -1.401575 -1.354331
0.363591 -0.129282 0.841926 -1.401575 -1.354331
0.367908 -0.130447 0.851229 -1.401575 -1.354331
0.372329 -0.131375 0.860532 -1.401575 -1.354331
0.376015 -0.131161 0.869835 -1.401575 -1.354331
0.379754 -0.131378 0.879138 -1.401575 -1.354331
0.383782 -0.131913 0.888441 -1.401575 -1.354331
0.387950 -0.131737 0.897744 -1.401575 -1.354331
0.391886 -0.132951 0.907047 -1.401575 -1.354331
0.396113 -0.134227 0.916350 -1.401575 -1.354331
0.400682 -0.134964 0.925653 -1.401575 -1.354331
0.404532 -0.134274 0.934956 -1.401575 -1.354331
0.408451 -0.135837 0.944259 -1.401575 -1.354331
0.412640 -0.136368 0.953562 -1.401575 -1.354331
0.416914 -0.137547 0.962865 -1.401575 -1.354331
0.421270 -0.136858 0.972168 -1.401575 -1.354331
0.425498 -0.138273 0.981471 -1.401575 -1.354331
0.429540 -0.138670 0.990774 -1.401575 -1.354331
0.433493 -0.139304 1.000077 -1.401575 -1.354331
0.437367 -0.139485 1.009380 -1.401575 -1.354331
0.441497 -0.140137 1.018684 -1.401575 -1.354331
0.445897 -0.141395 1.027987 -1.401575 -1.354331
0.449399 -0.141527 1.037290 -1.401575 -1.354331
0.000000 -nan 1.046593 -1.401575 -1.354331
0.000000 -nan 1.055896 -1.401575 -1.354331
0.000000 -nan 1.065199 -1.401575 -1.354331
0.000000 -nan 1.074502 -1.401575 -1.354331
0.000000 -nan 1.083805 -1.401575 -1.354331
0.000000 -nan 1.093108 -1.401575 -1.354331
0.000000 -nan 1.102411 -1.401575 -1.354331
0.000000 -nan 1.111714 -1.401575 -1.354331
0.000000 -nan 1.121017 -1.401575 -1.354331
0.000000 -nan 1.130320 -1.401575 -1.354331
0.000000 -nan 1.139623 -1.401575 -1.354331
0.000000 -nan 1.148926 -1.401575 -1.354331
0.000000 -nan 1.158229 -1.401575 -1.354331
0.000000 -nan 1.167532 -1.401575 -1.354331
0.000000 -nan 1.176835 -1.401575 -1.354331
0.000000 -nan 1.186138 -1.401575 -1.354331
0.000000 -nan 1.195441 -1.401575 -1.354331
0.000000 -nan 1.204744 -1.401575 -1.354331
0.000000 -nan 1.214047 -1.401575 -1.354331
0.000000 -nan 1.223351 -1.401575 -1.354331
0.000000 -nan 1.232654 -1.401575 -1.354331
0.000000 -nan 1.241957 -1.401575 -1.354331
0.000000 -nan 1.251260 -1.401575 -1.354331
0.000000 -nan 1.260563 -1.401575 -1.354331
0.000000 -nan 1.269866 -1.401575 -1.354331
0.000000 -nan 1.279169 -1.401575 -1.354331
0.000000 -nan 1.288472 -1.401575 -1.354331
0.000000 -nan 1.297775 -1.401575 -1.354331
0.000000 -nan 1.307078 -1.401575 -1.354331
0.000000 -nan 1.316381 -1.401575 -1.354331
0.000000 -nan 1.325684 -1.401575 -1.354331
0.000000 -nan 1.334987 -1.401575 -1.354331
0.000000 -nan 1.344290 -1.401575 -1.354331
0.000000 -nan 1.353593 -1.401575 -1.354331
0.000000 -nan 1.362896 -1.401575 -1.354331
0.000000 -nan 1.372199 -1.401575 -1.354331
0.000000 -nan 1.381502 -1.401575 -1.354331
0.000000 -nan 1.390805 -1.401575 -1.354331
0.000000 -nan 1.400108 -1.401575 -1.354331
0.000000 -nan 1.409411 -1.401575 -1.354331
0.000000 -nan 1.418715 -1.401575 -1.354331
0.000000 -nan 1.428017 -1.401575 -1.354331
0.000000 -nan 1.437321 -1.401575 -1.354331
0.000000 -nan 1.446624 -1.401575 -1.354331
0.000000 -nan 1.455927 -1.401575 -1.354331
0.000000 -nan 1.465230 -1.401575 -1.354331
0.000000 -nan 1.474533 -1.401575 -1.354331
0.000000 -nan 1.483836 -1.401575 -1.354331
0.000000 -nan 1.493139 -1.401575 -1.354331
0.000000 -nan 1.502442 -1.401575 -1.354331
0.000000 -nan 1.511745 -1.401575 -1.354331
0.000000 -nan 1.521048 -1.401575 -1.354331
0.000000 -nan 1.530351 -1.401575 -1.354331
0.000000 -nan 1.539654 -1.401575 -1.354331
0.000000 -nan 1.548957 -1.401575 -1.354331
0.000000 -nan 1.558260 -1.401575 -1.354331
0.000000 -nan 1.567563 -1.401575 -1.354331
0.000000 -nan 1.576866 -1.401575 -1.354331
0.000000 -nan 1.586169 -1.401575 -1.354331
0.000000 -nan 1.595472 -1.401575 -1.354331
0.000000 -nan 1.604775 -1.401575 -1.354331
0.000000 -nan 1.614078 -1.401575 -1.354331
0.000000 -nan 1.623381 -1.401575 -1.354331
0.000000 -nan 1.632685 -1.401575 -1.354331
0.000000 -nan 1.641988 -1.401575 -1.354331
0.000000 -nan 1.651291 -1.401575 -1.354331
0.000000 -nan 1.660594 -1.401575 -1.354331
0.000000 -nan 1.669897 -1.401575 -1.354331
0.000000 -nan 1.679200 -1.401575 -1.354331
0.000000 -nan 1.688503 -1.401575 -1.354331
0.000000 -nan 1.697806 -1.401575 -1.354331
0.000000 -nan 1.707109 -1.401575 -1.354331
0.000000 -nan 1.716412 -1.401575 -1.354331
0.000000 -nan 1.725715 -1.401575 -1.354331
0.000000 -nan 1.735018 -1.401575 -1.354331
0.000000 -nan 1.744321 -1.401575 -1.354331
0.000000 -nan 1.753624 -1.401575 -1.354331
0.000000 -nan 1.762927 -1.401575 -1.354331
0.000000 -nan 1.772230 -1.401575 -1.354331
0.000000 -nan 1.781533 -1.401575 -1.354331
0.000000 -nan 1.790836 -1.401575 -1.354331
0.000000 -nan 1.800139 -1.401575 -1.354331
0.000000 -nan 1.809442 -1.401575 -1.354331
0.000000 -nan 1.818745 -1.401575 -1.354331
0.000000 -nan 1.828048 -1.401575 -1.354331
0.000000 -nan 1.837352 -1.401575 -1.354331
0.000000 -nan 1.846655 -1.401575 -1.354331
0.000000 -nan 1.855958 -1.401575 -1.354331
0.000000 -nan 1.865261 -1.401575 -1.354331
0.000000 -nan 1.874564 -1.401575 -1.354331
0.000000 -nan 1.883867 -1.401575 -1.354331
0.000000 -nan 1.893170 -1.401575 -1.354331
0.000000 -nan 1.902473 -1.401575 -1.354331
0.000000 -nan 1.911776 -1.401575 -1.354331
0.000000 -nan 1.921079 -1.401575 -1.354331
0.000000 -nan 1.930382 -1.401575 -1.354331
0.000000 -nan 1.939685 -1.401575 -1.354331
0.000000 -nan 1.948988 -1.401575 -1.354331
0.000000 -nan 1.958291 -1.401575 -1.354331
0.000000 -nan 1.967594 -1.401575 -1.354331
0.000000 -nan 1.976897 -1.401575 -1.354331
0.000000 -nan 1.986200 -1.401575 -1.354331
0.000000 -nan 1.995503 -1.401575 -1.354331
0.000000 -nan 2.004806 -1.401575 -1.354331
0.000000 -nan 2.014109 -1.401575 -1.354331
0.000000 -nan 2.023412 -1.401575 -1.354331
0.000000 -nan 2.032716 -1.401575 -1.354331
0.000000 -nan 2.042019 -1.401575 -1.354331
0.000000 -nan 2.051322 -1.401575 -1.354331
0.000000 -nan 2.060625 -1.401575 -1.354331
0.000000 -nan 2.069928 -1.401575 -1.354331
0.000000 -nan 2.079231 -1.401575 -1.354331
0.000000 -nan 2.088534 -1.401575 -1.354331
0.000000 -nan 2.097837 -1.401575 -1.354331
0.000000 -nan 2.107140 -1.401575 -1.354331
0.000000 -nan 2.116443 -1.401575 -1.354331
0.000000 -nan 2.125746 -1.401575 -1.354331
0.000000 -nan 2.135049 -1.401575 -1.354331
0.000000 -nan 2.144352 -1.401575 -1.354331
0.000000 -nan 2.153655 -1.401575 -1.354331
0.000000 -nan 2.162958 -1.401575 -1.354331
0.000000 -nan 2.172261 -1.401575 -1.354331
0.000000 -nan 2.181564 -1.401575 -1.354331
0.000000 -nan 2.190867 -1.401575 -1.354331
0.000000 -nan 2.200170 -1.401575 -1.354331
0.000000 -nan 2.209473 -1.401575 -1.354331
0.000000 -nan 2.218776 -1.401575 -1.354331
0.000000 -nan 2.228080 -1.401575 -1.354331
0.000000 -nan 2.237382 -1.401575 -1.354331
0.000000 -nan 2.246686 -1.401575 -1.354331
0.000000 -nan 2.255989 -1.401575 -1.354331
0.000000 -nan 2.265292 -1.401575 -1.354331
0.000000 -nan 2.274595 -1.401575 -1.354331
0.000000 -nan 2.283898 -1.401575 -1.354331
0.000000 -nan 2.293201 -1.401575 -1.354331
0.000000 -nan 2.302504 -1.401575 -1.354331
0.000000 -nan 2.311807 -1.401575 -1.354331
0.000000 -nan 2.321110 -1.401575 -1.354331
