SoC E[V] Tiempo logChi logEle
0.003735 0.065771 0.001014 0.488189 -0.692913
0.007443 0.059320 0.003043 0.488189 -0.692913
0.012110 0.052495 0.005072 0.488189 -0.692913
0.016079 0.049782 0.007100 0.488189 -0.692913
0.020605 0.046051 0.009129 0.488189 -0.692913
0.024675 0.045758 0.011158 0.488189 -0.692913
0.028106 0.045651 0.013186 0.488189 -0.692913
0.032154 0.041943 0.015215 0.488189 -0.692913
0.036342 0.040578 0.017244 0.488189 -0.692913
0.039977 0.039704 0.019272 0.488189 -0.692913
0.043631 0.038022 0.021301 0.488189 -0.692913
0.047229 0.037355 0.023330 0.488189 -0.692913
0.051214 0.033529 0.025358 0.488189 -0.692913
0.055197 0.035799 0.027387 0.488189 -0.692913
0.058673 0.033805 0.029415 0.488189 -0.692913
0.063008 0.031127 0.031444 0.488189 -0.692913
0.066403 0.032484 0.033473 0.488189 -0.692913
0.070274 0.032348 0.035501 0.488189 -0.692913
0.073739 0.032319 0.037530 0.488189 -0.692913
0.077053 0.029221 0.039559 0.488189 -0.692913
0.081279 0.027906 0.041587 0.488189 -0.692913
0.085306 0.027617 0.043616 0.488189 -0.692913
0.089207 0.027794 0.045645 0.488189 -0.692913
0.093225 0.024963 0.047673 0.488189 -0.692913
0.097679 0.023807 0.049702 0.488189 -0.692913
0.102430 0.021908 0.051731 0.488189 -0.692913
0.106154 0.022918 0.053759 0.488189 -0.692913
0.110066 0.022932 0.055788 0.488189 -0.692913
0.113250 0.022080 0.057817 0.488189 -0.692913
0.117004 0.019718 0.059845 0.488189 -0.692913
0.121262 0.019285 0.061874 0.488189 -0.692913
0.125910 0.018036 0.063903 0.488189 -0.692913
0.130098 0.017659 0.065931 0.488189 -0.692913
0.134157 0.017678 0.067960 0.488189 -0.692913
0.138192 0.016098 0.069989 0.488189 -0.692913
0.141689 0.016406 0.072017 0.488189 -0.692913
0.145726 0.014527 0.074046 0.488189 -0.692913
0.149546 0.014851 0.076075 0.488189 -0.692913
0.152861 0.013823 0.078103 0.488189 -0.692913
0.156782 0.013799 0.080132 0.488189 -0.692913
0.160436 0.013909 0.082160 0.488189 -0.692913
0.163884 0.011807 0.084189 0.488189 -0.692913
0.167544 0.010556 0.086218 0.488189 -0.692913
0.171645 0.010838 0.088246 0.488189 -0.692913
0.175050 0.012125 0.090275 0.488189 -0.692913
0.178465 0.010734 0.092304 0.488189 -0.692913
0.182796 0.008989 0.094332 0.488189 -0.692913
0.186812 0.008529 0.096361 0.488189 -0.692913
0.190900 0.008242 0.098390 0.488189 -0.692913
0.195250 0.007446 0.100418 0.488189 -0.692913
0.198335 0.007153 0.102447 0.488189 -0.692913
0.201893 0.006948 0.104476 0.488189 -0.692913
0.205758 0.005276 0.106504 0.488189 -0.692913
0.210782 0.003870 0.108533 0.488189 -0.692913
0.214921 0.002432 0.110562 0.488189 -0.692913
0.218228 0.003662 0.112590 0.488189 -0.692913
0.222167 0.001844 0.114619 0.488189 -0.692913
0.226885 0.001101 0.116648 0.488189 -0.692913
0.230440 0.001925 0.118676 0.488189 -0.692913
0.233691 0.001361 0.120705 0.488189 -0.692913
0.238022 -0.000402 0.122734 0.488189 -0.692913
0.242440 -0.000704 0.124762 0.488189 -0.692913
0.246763 -0.001579 0.126791 0.488189 -0.692913
0.250781 -0.001953 0.128819 0.488189 -0.692913
0.254291 -0.002843 0.130848 0.488189 -0.692913
0.257884 -0.003234 0.132877 0.488189 -0.692913
0.262168 -0.004398 0.134905 0.488189 -0.692913
0.265895 -0.005342 0.136934 0.488189 -0.692913
0.270414 -0.006344 0.138963 0.488189 -0.692913
0.274008 -0.006357 0.140991 0.488189 -0.692913
0.277732 -0.005953 0.143020 0.488189 -0.692913
0.281883 -0.007445 0.145049 0.488189 -0.692913
0.286232 -0.008027 0.147077 0.488189 -0.692913
0.288567 -0.005750 0.149106 0.488189 -0.692913
0.292035 -0.007184 0.151135 0.488189 -0.692913
0.295770 -0.008387 0.153163 0.488189 -0.692913
0.299553 -0.010538 0.155192 0.488189 -0.692913
0.303809 -0.012517 0.157221 0.488189 -0.692913
0.307817 -0.011608 0.159249 0.488189 -0.692913
0.311971 -0.012208 0.161278 0.488189 -0.692913
0.315915 -0.011596 0.163307 0.488189 -0.692913
0.319660 -0.012267 0.165335 0.488189 -0.692913
0.324048 -0.014481 0.167364 0.488189 -0.692913
0.327626 -0.015092 0.169393 0.488189 -0.692913
0.331121 -0.015259 0.171421 0.488189 -0.692913
0.334569 -0.015312 0.173450 0.488189 -0.692913
0.338285 -0.016692 0.175479 0.488189 -0.692913
0.342612 -0.015790 0.177507 0.488189 -0.692913
0.346436 -0.016492 0.179536 0.488189 -0.692913
0.350662 -0.016800 0.181564 0.488189 -0.692913
0.354605 -0.016606 0.183593 0.488189 -0.692913
0.358879 -0.018807 0.185622 0.488189 -0.692913
0.363294 -0.018348 0.187650 0.488189 -0.692913
0.366544 -0.019505 0.189679 0.488189 -0.692913
0.369543 -0.019285 0.191708 0.488189 -0.692913
0.373942 -0.019942 0.193736 0.488189 -0.692913
0.378423 -0.020227 0.195765 0.488189 -0.692913
0.382707 -0.022689 0.197794 0.488189 -0.692913
0.387088 -0.022683 0.199822 0.488189 -0.692913
0.390449 -0.023292 0.201851 0.488189 -0.692913
0.393612 -0.023242 0.203880 0.488189 -0.692913
0.397080 -0.024567 0.205908 0.488189 -0.692913
0.400349 -0.024897 0.207937 0.488189 -0.692913
0.403800 -0.025598 0.209966 0.488189 -0.692913
0.408891 -0.028017 0.211994 0.488189 -0.692913
0.413089 -0.028160 0.214023 0.488189 -0.692913
0.417253 -0.028545 0.216052 0.488189 -0.692913
0.421681 -0.029786 0.218080 0.488189 -0.692913
0.426171 -0.029718 0.220109 0.488189 -0.692913
0.430336 -0.030023 0.222138 0.488189 -0.692913
0.435085 -0.031644 0.224166 0.488189 -0.692913
0.439374 -0.031601 0.226195 0.488189 -0.692913
0.443201 -0.032648 0.228224 0.488189 -0.692913
0.446925 -0.032901 0.230252 0.488189 -0.692913
0.450242 -0.032868 0.232281 0.488189 -0.692913
0.454462 -0.034273 0.234309 0.488189 -0.692913
0.458346 -0.033481 0.236338 0.488189 -0.692913
0.462493 -0.034593 0.238367 0.488189 -0.692913
0.465952 -0.035859 0.240395 0.488189 -0.692913
0.468983 -0.035796 0.242424 0.488189 -0.692913
0.472540 -0.036140 0.244453 0.488189 -0.692913
0.477351 -0.038824 0.246481 0.488189 -0.692913
0.481399 -0.038812 0.248510 0.488189 -0.692913
0.484827 -0.037502 0.250539 0.488189 -0.692913
0.487569 -0.039182 0.252567 0.488189 -0.692913
0.491849 -0.039863 0.254596 0.488189 -0.692913
0.496277 -0.042013 0.256625 0.488189 -0.692913
0.500525 -0.041435 0.258653 0.488189 -0.692913
0.504192 -0.041290 0.260682 0.488189 -0.692913
0.507998 -0.043602 0.262711 0.488189 -0.692913
0.512332 -0.042867 0.264739 0.488189 -0.692913
0.515837 -0.044019 0.266768 0.488189 -0.692913
0.518566 -0.042541 0.268797 0.488189 -0.692913
0.522421 -0.043496 0.270825 0.488189 -0.692913
0.526212 -0.043152 0.272854 0.488189 -0.692913
0.529501 -0.043831 0.274883 0.488189 -0.692913
0.532641 -0.044798 0.276911 0.488189 -0.692913
0.536459 -0.044268 0.278940 0.488189 -0.692913
0.539376 -0.045109 0.280968 0.488189 -0.692913
0.542043 -0.046124 0.282997 0.488189 -0.692913
0.545049 -0.046969 0.285026 0.488189 -0.692913
0.549634 -0.048135 0.287054 0.488189 -0.692913
0.554949 -0.050386 0.289083 0.488189 -0.692913
0.560357 -0.052312 0.291112 0.488189 -0.692913
0.565021 -0.052591 0.293140 0.488189 -0.692913
0.568896 -0.051939 0.295169 0.488189 -0.692913
0.573148 -0.053278 0.297198 0.488189 -0.692913
0.577917 -0.055805 0.299226 0.488189 -0.692913
0.581960 -0.053224 0.301255 0.488189 -0.692913
0.586069 -0.057370 0.303284 0.488189 -0.692913
0.591188 -0.058775 0.305312 0.488189 -0.692913
0.595496 -0.057505 0.307341 0.488189 -0.692913
0.599745 -0.058674 0.309370 0.488189 -0.692913
0.603782 -0.059593 0.311398 0.488189 -0.692913
0.606997 -0.060595 0.313427 0.488189 -0.692913
0.611260 -0.061655 0.315456 0.488189 -0.692913
0.615325 -0.062836 0.317484 0.488189 -0.692913
0.619102 -0.062457 0.319513 0.488189 -0.692913
0.622715 -0.063415 0.321542 0.488189 -0.692913
0.626396 -0.062986 0.323570 0.488189 -0.692913
0.630124 -0.063288 0.325599 0.488189 -0.692913
0.633912 -0.063115 0.327628 0.488189 -0.692913
0.638211 -0.065856 0.329656 0.488189 -0.692913
0.642586 -0.066261 0.331685 0.488189 -0.692913
0.646155 -0.066387 0.333713 0.488189 -0.692913
0.650363 -0.068745 0.335742 0.488189 -0.692913
0.655918 -0.070809 0.337771 0.488189 -0.692913
0.660822 -0.071108 0.339799 0.488189 -0.692913
0.664265 -0.070590 0.341828 0.488189 -0.692913
0.668916 -0.072183 0.343857 0.488189 -0.692913
0.673636 -0.074682 0.345885 0.488189 -0.692913
0.678096 -0.073326 0.347914 0.488189 -0.692913
0.681922 -0.073912 0.349943 0.488189 -0.692913
0.685242 -0.074324 0.351971 0.488189 -0.692913
0.689389 -0.077755 0.354000 0.488189 -0.692913
0.693986 -0.077717 0.356029 0.488189 -0.692913
0.698076 -0.077010 0.358057 0.488189 -0.692913
0.701758 -0.077252 0.360086 0.488189 -0.692913
0.705759 -0.079703 0.362115 0.488189 -0.692913
0.709600 -0.079038 0.364143 0.488189 -0.692913
0.713351 -0.081326 0.366172 0.488189 -0.692913
0.717124 -0.080915 0.368201 0.488189 -0.692913
0.721465 -0.082103 0.370229 0.488189 -0.692913
0.726053 -0.084150 0.372258 0.488189 -0.692913
0.730160 -0.083718 0.374287 0.488189 -0.692913
0.733937 -0.083790 0.376315 0.488189 -0.692913
0.738449 -0.086351 0.378344 0.488189 -0.692913
0.741633 -0.085850 0.380372 0.488189 -0.692913
0.744930 -0.086569 0.382401 0.488189 -0.692913
0.749117 -0.086915 0.384430 0.488189 -0.692913
0.752919 -0.088560 0.386458 0.488189 -0.692913
0.756290 -0.089614 0.388487 0.488189 -0.692913
0.760113 -0.091470 0.390516 0.488189 -0.692913
0.763868 -0.092430 0.392544 0.488189 -0.692913
0.767843 -0.096031 0.394573 0.488189 -0.692913
0.771833 -0.097071 0.396602 0.488189 -0.692913
0.776132 -0.096712 0.398630 0.488189 -0.692913
0.780202 -0.098959 0.400659 0.488189 -0.692913
0.784546 -0.101477 0.402688 0.488189 -0.692913
0.788876 -0.101365 0.404716 0.488189 -0.692913
0.793470 -0.104647 0.406745 0.488189 -0.692913
0.798140 -0.106078 0.408774 0.488189 -0.692913
0.802141 -0.104162 0.410802 0.488189 -0.692913
0.806185 -0.105276 0.412831 0.488189 -0.692913
0.810044 -0.105481 0.414860 0.488189 -0.692913
0.812996 -0.104306 0.416888 0.488189 -0.692913
0.816619 -0.109149 0.418917 0.488189 -0.692913
0.820033 -0.107247 0.420946 0.488189 -0.692913
0.823985 -0.111438 0.422974 0.488189 -0.692913
0.828023 -0.113370 0.425003 0.488189 -0.692913
0.832257 -0.114672 0.427032 0.488189 -0.692913
0.836528 -0.117298 0.429060 0.488189 -0.692913
0.840457 -0.117870 0.431089 0.488189 -0.692913
0.844768 -0.119253 0.433117 0.488189 -0.692913
0.849650 -0.122814 0.435146 0.488189 -0.692913
0.854134 -0.126224 0.437175 0.488189 -0.692913
0.857768 -0.125718 0.439203 0.488189 -0.692913
0.861581 -0.125947 0.441232 0.488189 -0.692913
0.865045 -0.128045 0.443261 0.488189 -0.692913
0.000000 -nan 0.445289 0.488189 -0.692913
0.000000 -nan 0.447318 0.488189 -0.692913
0.000000 -nan 0.449347 0.488189 -0.692913
0.000000 -nan 0.451375 0.488189 -0.692913
0.000000 -nan 0.453404 0.488189 -0.692913
0.000000 -nan 0.455433 0.488189 -0.692913
0.000000 -nan 0.457461 0.488189 -0.692913
0.000000 -nan 0.459490 0.488189 -0.692913
0.000000 -nan 0.461519 0.488189 -0.692913
0.000000 -nan 0.463547 0.488189 -0.692913
0.000000 -nan 0.465576 0.488189 -0.692913
0.000000 -nan 0.467605 0.488189 -0.692913
0.000000 -nan 0.469633 0.488189 -0.692913
0.000000 -nan 0.471662 0.488189 -0.692913
0.000000 -nan 0.473691 0.488189 -0.692913
0.000000 -nan 0.475719 0.488189 -0.692913
0.000000 -nan 0.477748 0.488189 -0.692913
0.000000 -nan 0.479777 0.488189 -0.692913
0.000000 -nan 0.481805 0.488189 -0.692913
0.000000 -nan 0.483834 0.488189 -0.692913
0.000000 -nan 0.485862 0.488189 -0.692913
0.000000 -nan 0.487891 0.488189 -0.692913
0.000000 -nan 0.489920 0.488189 -0.692913
0.000000 -nan 0.491948 0.488189 -0.692913
0.000000 -nan 0.493977 0.488189 -0.692913
0.000000 -nan 0.496006 0.488189 -0.692913
0.000000 -nan 0.498034 0.488189 -0.692913
0.000000 -nan 0.500063 0.488189 -0.692913
0.000000 -nan 0.502092 0.488189 -0.692913
0.000000 -nan 0.504120 0.488189 -0.692913
0.000000 -nan 0.506149 0.488189 -0.692913
