SoC E[V] Tiempo logChi logEle
0.002884 0.004983 0.000103 0.299213 0.299213
0.006793 -0.002469 0.000310 0.299213 0.299213
0.010583 -0.006487 0.000516 0.299213 0.299213
0.014183 -0.010726 0.000723 0.299213 0.299213
0.018562 -0.014412 0.000930 0.299213 0.299213
0.022889 -0.017230 0.001136 0.299213 0.299213
0.027425 -0.023146 0.001343 0.299213 0.299213
0.031850 -0.025320 0.001549 0.299213 0.299213
0.035964 -0.026226 0.001756 0.299213 0.299213
0.039843 -0.029379 0.001962 0.299213 0.299213
0.043791 -0.031888 0.002169 0.299213 0.299213
0.048018 -0.035946 0.002376 0.299213 0.299213
0.052057 -0.036931 0.002582 0.299213 0.299213
0.055911 -0.036499 0.002789 0.299213 0.299213
0.059660 -0.036714 0.002995 0.299213 0.299213
0.063669 -0.040501 0.003202 0.299213 0.299213
0.067880 -0.041699 0.003409 0.299213 0.299213
0.071736 -0.042792 0.003615 0.299213 0.299213
0.075436 -0.043025 0.003822 0.299213 0.299213
0.079676 -0.044221 0.004028 0.299213 0.299213
0.083537 -0.046090 0.004235 0.299213 0.299213
0.087494 -0.046910 0.004441 0.299213 0.299213
0.091423 -0.049008 0.004648 0.299213 0.299213
0.095819 -0.051768 0.004855 0.299213 0.299213
0.099490 -0.050380 0.005061 0.299213 0.299213
0.102899 -0.051608 0.005268 0.299213 0.299213
0.106937 -0.055465 0.005474 0.299213 0.299213
0.110925 -0.055539 0.005681 0.299213 0.299213
0.114924 -0.056347 0.005887 0.299213 0.299213
0.119122 -0.057331 0.006094 0.299213 0.299213
0.122892 -0.059112 0.006301 0.299213 0.299213
0.126761 -0.059845 0.006507 0.299213 0.299213
0.130518 -0.061073 0.006714 0.299213 0.299213
0.134812 -0.062620 0.006920 0.299213 0.299213
0.138602 -0.062965 0.007127 0.299213 0.299213
0.142736 -0.064242 0.007333 0.299213 0.299213
0.146472 -0.064979 0.007540 0.299213 0.299213
0.150521 -0.064445 0.007747 0.299213 0.299213
0.154944 -0.067586 0.007953 0.299213 0.299213
0.158992 -0.068093 0.008160 0.299213 0.299213
0.162845 -0.069162 0.008366 0.299213 0.299213
0.166741 -0.071415 0.008573 0.299213 0.299213
0.170532 -0.071639 0.008780 0.299213 0.299213
0.174155 -0.072723 0.008986 0.299213 0.299213
0.178033 -0.074825 0.009193 0.299213 0.299213
0.182379 -0.076443 0.009399 0.299213 0.299213
0.186562 -0.079937 0.009606 0.299213 0.299213
0.191021 -0.079548 0.009812 0.299213 0.299213
0.194465 -0.077786 0.010019 0.299213 0.299213
0.198143 -0.081990 0.010226 0.299213 0.299213
0.202458 -0.083298 0.010432 0.299213 0.299213
0.206286 -0.082086 0.010639 0.299213 0.299213
0.210617 -0.084333 0.010845 0.299213 0.299213
0.214866 -0.086556 0.011052 0.299213 0.299213
0.219145 -0.088883 0.011258 0.299213 0.299213
0.223739 -0.090015 0.011465 0.299213 0.299213
0.228054 -0.091493 0.011672 0.299213 0.299213
0.232079 -0.093192 0.011878 0.299213 0.299213
0.236307 -0.094281 0.012085 0.299213 0.299213
0.240723 -0.098524 0.012291 0.299213 0.299213
0.245175 -0.099434 0.012498 0.299213 0.299213
0.248675 -0.097511 0.012704 0.299213 0.299213
0.252607 -0.098240 0.012911 0.299213 0.299213
0.256304 -0.098135 0.013118 0.299213 0.299213
0.260396 -0.100216 0.013324 0.299213 0.299213
0.264586 -0.099151 0.013531 0.299213 0.299213
0.268473 -0.103154 0.013737 0.299213 0.299213
0.272529 -0.103712 0.013944 0.299213 0.299213
0.276350 -0.107870 0.014151 0.299213 0.299213
0.280642 -0.108707 0.014357 0.299213 0.299213
0.284866 -0.111173 0.014564 0.299213 0.299213
0.289217 -0.117263 0.014770 0.299213 0.299213
0.293690 -0.117398 0.014977 0.299213 0.299213
0.297835 -0.115131 0.015183 0.299213 0.299213
0.302063 -0.116127 0.015390 0.299213 0.299213
0.305835 -0.117632 0.015597 0.299213 0.299213
0.309760 -0.119150 0.015803 0.299213 0.299213
0.313617 -0.122459 0.016010 0.299213 0.299213
0.317878 -0.123845 0.016216 0.299213 0.299213
0.321870 -0.129206 0.016423 0.299213 0.299213
0.325600 -0.123135 0.016629 0.299213 0.299213
0.329316 -0.123407 0.016836 0.299213 0.299213
0.332813 -0.125612 0.017043 0.299213 0.299213
0.336677 -0.131125 0.017249 0.299213 0.299213
0.340339 -0.130764 0.017456 0.299213 0.299213
0.344364 -0.134133 0.017662 0.299213 0.299213
0.348480 -0.138039 0.017869 0.299213 0.299213
0.352041 -0.137155 0.018075 0.299213 0.299213
0.000000 -nan 0.018282 0.299213 0.299213
0.000000 -nan 0.018489 0.299213 0.299213
0.000000 -nan 0.018695 0.299213 0.299213
0.000000 -nan 0.018902 0.299213 0.299213
0.000000 -nan 0.019108 0.299213 0.299213
0.000000 -nan 0.019315 0.299213 0.299213
0.000000 -nan 0.019522 0.299213 0.299213
0.000000 -nan 0.019728 0.299213 0.299213
0.000000 -nan 0.019935 0.299213 0.299213
0.000000 -nan 0.020141 0.299213 0.299213
0.000000 -nan 0.020348 0.299213 0.299213
0.000000 -nan 0.020554 0.299213 0.299213
0.000000 -nan 0.020761 0.299213 0.299213
0.000000 -nan 0.020968 0.299213 0.299213
0.000000 -nan 0.021174 0.299213 0.299213
0.000000 -nan 0.021381 0.299213 0.299213
0.000000 -nan 0.021587 0.299213 0.299213
0.000000 -nan 0.021794 0.299213 0.299213
0.000000 -nan 0.022000 0.299213 0.299213
0.000000 -nan 0.022207 0.299213 0.299213
0.000000 -nan 0.022414 0.299213 0.299213
0.000000 -nan 0.022620 0.299213 0.299213
0.000000 -nan 0.022827 0.299213 0.299213
0.000000 -nan 0.023033 0.299213 0.299213
0.000000 -nan 0.023240 0.299213 0.299213
0.000000 -nan 0.023446 0.299213 0.299213
0.000000 -nan 0.023653 0.299213 0.299213
0.000000 -nan 0.023860 0.299213 0.299213
0.000000 -nan 0.024066 0.299213 0.299213
0.000000 -nan 0.024273 0.299213 0.299213
0.000000 -nan 0.024479 0.299213 0.299213
0.000000 -nan 0.024686 0.299213 0.299213
0.000000 -nan 0.024893 0.299213 0.299213
0.000000 -nan 0.025099 0.299213 0.299213
0.000000 -nan 0.025306 0.299213 0.299213
0.000000 -nan 0.025512 0.299213 0.299213
0.000000 -nan 0.025719 0.299213 0.299213
0.000000 -nan 0.025925 0.299213 0.299213
0.000000 -nan 0.026132 0.299213 0.299213
0.000000 -nan 0.026339 0.299213 0.299213
0.000000 -nan 0.026545 0.299213 0.299213
0.000000 -nan 0.026752 0.299213 0.299213
0.000000 -nan 0.026958 0.299213 0.299213
0.000000 -nan 0.027165 0.299213 0.299213
0.000000 -nan 0.027371 0.299213 0.299213
0.000000 -nan 0.027578 0.299213 0.299213
0.000000 -nan 0.027785 0.299213 0.299213
0.000000 -nan 0.027991 0.299213 0.299213
0.000000 -nan 0.028198 0.299213 0.299213
0.000000 -nan 0.028404 0.299213 0.299213
0.000000 -nan 0.028611 0.299213 0.299213
0.000000 -nan 0.028817 0.299213 0.299213
0.000000 -nan 0.029024 0.299213 0.299213
0.000000 -nan 0.029231 0.299213 0.299213
0.000000 -nan 0.029437 0.299213 0.299213
0.000000 -nan 0.029644 0.299213 0.299213
0.000000 -nan 0.029850 0.299213 0.299213
0.000000 -nan 0.030057 0.299213 0.299213
0.000000 -nan 0.030264 0.299213 0.299213
0.000000 -nan 0.030470 0.299213 0.299213
0.000000 -nan 0.030677 0.299213 0.299213
0.000000 -nan 0.030883 0.299213 0.299213
0.000000 -nan 0.031090 0.299213 0.299213
0.000000 -nan 0.031296 0.299213 0.299213
0.000000 -nan 0.031503 0.299213 0.299213
0.000000 -nan 0.031710 0.299213 0.299213
0.000000 -nan 0.031916 0.299213 0.299213
0.000000 -nan 0.032123 0.299213 0.299213
0.000000 -nan 0.032329 0.299213 0.299213
0.000000 -nan 0.032536 0.299213 0.299213
0.000000 -nan 0.032742 0.299213 0.299213
0.000000 -nan 0.032949 0.299213 0.299213
0.000000 -nan 0.033156 0.299213 0.299213
0.000000 -nan 0.033362 0.299213 0.299213
0.000000 -nan 0.033569 0.299213 0.299213
0.000000 -nan 0.033775 0.299213 0.299213
0.000000 -nan 0.033982 0.299213 0.299213
0.000000 -nan 0.034188 0.299213 0.299213
0.000000 -nan 0.034395 0.299213 0.299213
0.000000 -nan 0.034602 0.299213 0.299213
0.000000 -nan 0.034808 0.299213 0.299213
0.000000 -nan 0.035015 0.299213 0.299213
0.000000 -nan 0.035221 0.299213 0.299213
0.000000 -nan 0.035428 0.299213 0.299213
0.000000 -nan 0.035635 0.299213 0.299213
0.000000 -nan 0.035841 0.299213 0.299213
0.000000 -nan 0.036048 0.299213 0.299213
0.000000 -nan 0.036254 0.299213 0.299213
0.000000 -nan 0.036461 0.299213 0.299213
0.000000 -nan 0.036667 0.299213 0.299213
0.000000 -nan 0.036874 0.299213 0.299213
0.000000 -nan 0.037081 0.299213 0.299213
0.000000 -nan 0.037287 0.299213 0.299213
0.000000 -nan 0.037494 0.299213 0.299213
0.000000 -nan 0.037700 0.299213 0.299213
0.000000 -nan 0.037907 0.299213 0.299213
0.000000 -nan 0.038113 0.299213 0.299213
0.000000 -nan 0.038320 0.299213 0.299213
0.000000 -nan 0.038527 0.299213 0.299213
0.000000 -nan 0.038733 0.299213 0.299213
0.000000 -nan 0.038940 0.299213 0.299213
0.000000 -nan 0.039146 0.299213 0.299213
0.000000 -nan 0.039353 0.299213 0.299213
0.000000 -nan 0.039559 0.299213 0.299213
0.000000 -nan 0.039766 0.299213 0.299213
0.000000 -nan 0.039973 0.299213 0.299213
0.000000 -nan 0.040179 0.299213 0.299213
0.000000 -nan 0.040386 0.299213 0.299213
0.000000 -nan 0.040592 0.299213 0.299213
0.000000 -nan 0.040799 0.299213 0.299213
0.000000 -nan 0.041006 0.299213 0.299213
0.000000 -nan 0.041212 0.299213 0.299213
0.000000 -nan 0.041419 0.299213 0.299213
0.000000 -nan 0.041625 0.299213 0.299213
0.000000 -nan 0.041832 0.299213 0.299213
0.000000 -nan 0.042038 0.299213 0.299213
0.000000 -nan 0.042245 0.299213 0.299213
0.000000 -nan 0.042452 0.299213 0.299213
0.000000 -nan 0.042658 0.299213 0.299213
0.000000 -nan 0.042865 0.299213 0.299213
0.000000 -nan 0.043071 0.299213 0.299213
0.000000 -nan 0.043278 0.299213 0.299213
0.000000 -nan 0.043484 0.299213 0.299213
0.000000 -nan 0.043691 0.299213 0.299213
0.000000 -nan 0.043898 0.299213 0.299213
0.000000 -nan 0.044104 0.299213 0.299213
0.000000 -nan 0.044311 0.299213 0.299213
0.000000 -nan 0.044517 0.299213 0.299213
0.000000 -nan 0.044724 0.299213 0.299213
0.000000 -nan 0.044930 0.299213 0.299213
0.000000 -nan 0.045137 0.299213 0.299213
0.000000 -nan 0.045344 0.299213 0.299213
0.000000 -nan 0.045550 0.299213 0.299213
0.000000 -nan 0.045757 0.299213 0.299213
0.000000 -nan 0.045963 0.299213 0.299213
0.000000 -nan 0.046170 0.299213 0.299213
0.000000 -nan 0.046377 0.299213 0.299213
0.000000 -nan 0.046583 0.299213 0.299213
0.000000 -nan 0.046790 0.299213 0.299213
0.000000 -nan 0.046996 0.299213 0.299213
0.000000 -nan 0.047203 0.299213 0.299213
0.000000 -nan 0.047409 0.299213 0.299213
0.000000 -nan 0.047616 0.299213 0.299213
0.000000 -nan 0.047823 0.299213 0.299213
0.000000 -nan 0.048029 0.299213 0.299213
0.000000 -nan 0.048236 0.299213 0.299213
0.000000 -nan 0.048442 0.299213 0.299213
0.000000 -nan 0.048649 0.299213 0.299213
0.000000 -nan 0.048855 0.299213 0.299213
0.000000 -nan 0.049062 0.299213 0.299213
0.000000 -nan 0.049269 0.299213 0.299213
0.000000 -nan 0.049475 0.299213 0.299213
0.000000 -nan 0.049682 0.299213 0.299213
0.000000 -nan 0.049888 0.299213 0.299213
0.000000 -nan 0.050095 0.299213 0.299213
0.000000 -nan 0.050301 0.299213 0.299213
0.000000 -nan 0.050508 0.299213 0.299213
0.000000 -nan 0.050715 0.299213 0.299213
0.000000 -nan 0.050921 0.299213 0.299213
0.000000 -nan 0.051128 0.299213 0.299213
0.000000 -nan 0.051334 0.299213 0.299213
0.000000 -nan 0.051541 0.299213 0.299213
