SoC E[V] Tiempo logChi logEle
0.004384 0.048267 0.000221 0.866142 -0.031496
0.007962 0.041625 0.000664 0.866142 -0.031496
0.011778 0.036631 0.001106 0.866142 -0.031496
0.014790 0.034644 0.001548 0.866142 -0.031496
0.017882 0.032410 0.001991 0.866142 -0.031496
0.022088 0.024772 0.002433 0.866142 -0.031496
0.025719 0.024282 0.002875 0.866142 -0.031496
0.029160 0.025209 0.003318 0.866142 -0.031496
0.033096 0.019914 0.003760 0.866142 -0.031496
0.037676 0.016800 0.004203 0.866142 -0.031496
0.041239 0.018294 0.004645 0.866142 -0.031496
0.044488 0.018079 0.005087 0.866142 -0.031496
0.048354 0.015165 0.005530 0.866142 -0.031496
0.052196 0.012627 0.005972 0.866142 -0.031496
0.056267 0.010639 0.006414 0.866142 -0.031496
0.060352 0.008483 0.006857 0.866142 -0.031496
0.064950 0.004206 0.007299 0.866142 -0.031496
0.068474 0.007654 0.007742 0.866142 -0.031496
0.071979 0.003768 0.008184 0.866142 -0.031496
0.076466 0.002939 0.008626 0.866142 -0.031496
0.080474 0.000560 0.009069 0.866142 -0.031496
0.084842 -0.001120 0.009511 0.866142 -0.031496
0.089689 -0.003637 0.009953 0.866142 -0.031496
0.093737 -0.002813 0.010396 0.866142 -0.031496
0.096830 0.001099 0.010838 0.866142 -0.031496
0.100037 -0.001859 0.011281 0.866142 -0.031496
0.103944 -0.003678 0.011723 0.866142 -0.031496
0.108641 -0.005582 0.012165 0.866142 -0.031496
0.112631 -0.006462 0.012608 0.866142 -0.031496
0.116735 -0.007474 0.013050 0.866142 -0.031496
0.120610 -0.007263 0.013492 0.866142 -0.031496
0.124179 -0.006703 0.013935 0.866142 -0.031496
0.127617 -0.007561 0.014377 0.866142 -0.031496
0.131400 -0.009129 0.014820 0.866142 -0.031496
0.134796 -0.008910 0.015262 0.866142 -0.031496
0.138113 -0.009883 0.015704 0.866142 -0.031496
0.142381 -0.010824 0.016147 0.866142 -0.031496
0.146546 -0.013677 0.016589 0.866142 -0.031496
0.151445 -0.017132 0.017031 0.866142 -0.031496
0.155786 -0.015762 0.017474 0.866142 -0.031496
0.159227 -0.014743 0.017916 0.866142 -0.031496
0.164058 -0.017983 0.018359 0.866142 -0.031496
0.168918 -0.019526 0.018801 0.866142 -0.031496
0.172684 -0.019431 0.019243 0.866142 -0.031496
0.176796 -0.019944 0.019686 0.866142 -0.031496
0.180809 -0.021731 0.020128 0.866142 -0.031496
0.183993 -0.018830 0.020570 0.866142 -0.031496
0.187857 -0.021323 0.021013 0.866142 -0.031496
0.191712 -0.019981 0.021455 0.866142 -0.031496
0.195795 -0.020958 0.021898 0.866142 -0.031496
0.200621 -0.023619 0.022340 0.866142 -0.031496
0.204436 -0.024187 0.022782 0.866142 -0.031496
0.208752 -0.024898 0.023225 0.866142 -0.031496
0.213013 -0.024962 0.023667 0.866142 -0.031496
0.217064 -0.025212 0.024109 0.866142 -0.031496
0.221217 -0.025662 0.024552 0.866142 -0.031496
0.225058 -0.026889 0.024994 0.866142 -0.031496
0.230556 -0.031180 0.025437 0.866142 -0.031496
0.235237 -0.029401 0.025879 0.866142 -0.031496
0.239871 -0.029614 0.026321 0.866142 -0.031496
0.244483 -0.033396 0.026764 0.866142 -0.031496
0.248705 -0.032018 0.027206 0.866142 -0.031496
0.252165 -0.033133 0.027648 0.866142 -0.031496
0.256649 -0.033366 0.028091 0.866142 -0.031496
0.261052 -0.034967 0.028533 0.866142 -0.031496
0.265745 -0.035760 0.028976 0.866142 -0.031496
0.270556 -0.038024 0.029418 0.866142 -0.031496
0.274110 -0.037661 0.029860 0.866142 -0.031496
0.277803 -0.037122 0.030303 0.866142 -0.031496
0.281332 -0.035272 0.030745 0.866142 -0.031496
0.285078 -0.036814 0.031187 0.866142 -0.031496
0.288151 -0.035448 0.031630 0.866142 -0.031496
0.291431 -0.033728 0.032072 0.866142 -0.031496
0.294838 -0.037278 0.032515 0.866142 -0.031496
0.298202 -0.034742 0.032957 0.866142 -0.031496
0.301450 -0.035148 0.033399 0.866142 -0.031496
0.305859 -0.038117 0.033842 0.866142 -0.031496
0.309455 -0.037802 0.034284 0.866142 -0.031496
0.313908 -0.039520 0.034726 0.866142 -0.031496
0.318118 -0.041986 0.035169 0.866142 -0.031496
0.322078 -0.042290 0.035611 0.866142 -0.031496
0.325737 -0.041681 0.036054 0.866142 -0.031496
0.330414 -0.043781 0.036496 0.866142 -0.031496
0.335684 -0.047428 0.036938 0.866142 -0.031496
0.339790 -0.048120 0.037381 0.866142 -0.031496
0.343032 -0.046042 0.037823 0.866142 -0.031496
0.347149 -0.044941 0.038265 0.866142 -0.031496
0.351393 -0.047408 0.038708 0.866142 -0.031496
0.354751 -0.046594 0.039150 0.866142 -0.031496
0.359424 -0.050837 0.039593 0.866142 -0.031496
0.363861 -0.049521 0.040035 0.866142 -0.031496
0.367455 -0.048687 0.040477 0.866142 -0.031496
0.371108 -0.049355 0.040920 0.866142 -0.031496
0.375256 -0.053488 0.041362 0.866142 -0.031496
0.378937 -0.051560 0.041804 0.866142 -0.031496
0.382580 -0.051256 0.042247 0.866142 -0.031496
0.385567 -0.049529 0.042689 0.866142 -0.031496
0.388888 -0.051007 0.043132 0.866142 -0.031496
0.392916 -0.052580 0.043574 0.866142 -0.031496
0.397217 -0.053397 0.044016 0.866142 -0.031496
0.401392 -0.053048 0.044459 0.866142 -0.031496
0.404283 -0.052964 0.044901 0.866142 -0.031496
0.409299 -0.055570 0.045343 0.866142 -0.031496
0.413322 -0.055161 0.045786 0.866142 -0.031496
0.417397 -0.056735 0.046228 0.866142 -0.031496
0.420925 -0.056803 0.046671 0.866142 -0.031496
0.425608 -0.059319 0.047113 0.866142 -0.031496
0.428962 -0.057126 0.047555 0.866142 -0.031496
0.433215 -0.057795 0.047998 0.866142 -0.031496
0.438145 -0.063439 0.048440 0.866142 -0.031496
0.443071 -0.062955 0.048882 0.866142 -0.031496
0.446731 -0.062334 0.049325 0.866142 -0.031496
0.450328 -0.063344 0.049767 0.866142 -0.031496
0.454755 -0.065090 0.050210 0.866142 -0.031496
0.458836 -0.065721 0.050652 0.866142 -0.031496
0.463817 -0.069500 0.051094 0.866142 -0.031496
0.467510 -0.064055 0.051537 0.866142 -0.031496
0.470199 -0.064162 0.051979 0.866142 -0.031496
0.474803 -0.067183 0.052421 0.866142 -0.031496
0.478982 -0.068203 0.052864 0.866142 -0.031496
0.482626 -0.068897 0.053306 0.866142 -0.031496
0.487193 -0.070618 0.053749 0.866142 -0.031496
0.491912 -0.072264 0.054191 0.866142 -0.031496
0.495006 -0.070504 0.054633 0.866142 -0.031496
0.500013 -0.075853 0.055076 0.866142 -0.031496
0.504851 -0.075633 0.055518 0.866142 -0.031496
0.508657 -0.078734 0.055960 0.866142 -0.031496
0.512205 -0.075563 0.056403 0.866142 -0.031496
0.515276 -0.075335 0.056845 0.866142 -0.031496
0.519883 -0.078292 0.057288 0.866142 -0.031496
0.524048 -0.080135 0.057730 0.866142 -0.031496
0.527658 -0.077842 0.058172 0.866142 -0.031496
0.531749 -0.080761 0.058615 0.866142 -0.031496
0.536478 -0.083518 0.059057 0.866142 -0.031496
0.540354 -0.082840 0.059499 0.866142 -0.031496
0.544516 -0.085776 0.059942 0.866142 -0.031496
0.548727 -0.084223 0.060384 0.866142 -0.031496
0.551450 -0.082077 0.060827 0.866142 -0.031496
0.555295 -0.084092 0.061269 0.866142 -0.031496
0.558740 -0.084084 0.061711 0.866142 -0.031496
0.563417 -0.085482 0.062154 0.866142 -0.031496
0.567603 -0.090727 0.062596 0.866142 -0.031496
0.571774 -0.091023 0.063038 0.866142 -0.031496
0.575602 -0.090239 0.063481 0.866142 -0.031496
0.580813 -0.098606 0.063923 0.866142 -0.031496
0.584911 -0.099964 0.064366 0.866142 -0.031496
0.588674 -0.098249 0.064808 0.866142 -0.031496
0.592778 -0.096511 0.065250 0.866142 -0.031496
0.596792 -0.098950 0.065693 0.866142 -0.031496
0.600783 -0.103577 0.066135 0.866142 -0.031496
0.605154 -0.102599 0.066577 0.866142 -0.031496
0.609833 -0.108053 0.067020 0.866142 -0.031496
0.614805 -0.109768 0.067462 0.866142 -0.031496
0.618164 -0.109567 0.067905 0.866142 -0.031496
0.621849 -0.108355 0.068347 0.866142 -0.031496
0.626079 -0.108532 0.068789 0.866142 -0.031496
0.628774 -0.105572 0.069232 0.866142 -0.031496
0.632869 -0.110552 0.069674 0.866142 -0.031496
0.636852 -0.112182 0.070116 0.866142 -0.031496
0.640959 -0.118684 0.070559 0.866142 -0.031496
0.645189 -0.120622 0.071001 0.866142 -0.031496
0.649366 -0.126776 0.071444 0.866142 -0.031496
0.653138 -0.121122 0.071886 0.866142 -0.031496
0.657568 -0.131494 0.072328 0.866142 -0.031496
0.661506 -0.129695 0.072771 0.866142 -0.031496
0.663928 -0.131677 0.073213 0.866142 -0.031496
0.000000 -nan 0.073655 0.866142 -0.031496
0.000000 -nan 0.074098 0.866142 -0.031496
0.000000 -nan 0.074540 0.866142 -0.031496
0.000000 -nan 0.074983 0.866142 -0.031496
0.000000 -nan 0.075425 0.866142 -0.031496
0.000000 -nan 0.075867 0.866142 -0.031496
0.000000 -nan 0.076310 0.866142 -0.031496
0.000000 -nan 0.076752 0.866142 -0.031496
0.000000 -nan 0.077194 0.866142 -0.031496
0.000000 -nan 0.077637 0.866142 -0.031496
0.000000 -nan 0.078079 0.866142 -0.031496
0.000000 -nan 0.078522 0.866142 -0.031496
0.000000 -nan 0.078964 0.866142 -0.031496
0.000000 -nan 0.079406 0.866142 -0.031496
0.000000 -nan 0.079849 0.866142 -0.031496
0.000000 -nan 0.080291 0.866142 -0.031496
0.000000 -nan 0.080733 0.866142 -0.031496
0.000000 -nan 0.081176 0.866142 -0.031496
0.000000 -nan 0.081618 0.866142 -0.031496
0.000000 -nan 0.082061 0.866142 -0.031496
0.000000 -nan 0.082503 0.866142 -0.031496
0.000000 -nan 0.082945 0.866142 -0.031496
0.000000 -nan 0.083388 0.866142 -0.031496
0.000000 -nan 0.083830 0.866142 -0.031496
0.000000 -nan 0.084272 0.866142 -0.031496
0.000000 -nan 0.084715 0.866142 -0.031496
0.000000 -nan 0.085157 0.866142 -0.031496
0.000000 -nan 0.085600 0.866142 -0.031496
0.000000 -nan 0.086042 0.866142 -0.031496
0.000000 -nan 0.086484 0.866142 -0.031496
0.000000 -nan 0.086927 0.866142 -0.031496
0.000000 -nan 0.087369 0.866142 -0.031496
0.000000 -nan 0.087811 0.866142 -0.031496
0.000000 -nan 0.088254 0.866142 -0.031496
0.000000 -nan 0.088696 0.866142 -0.031496
0.000000 -nan 0.089139 0.866142 -0.031496
0.000000 -nan 0.089581 0.866142 -0.031496
0.000000 -nan 0.090023 0.866142 -0.031496
0.000000 -nan 0.090466 0.866142 -0.031496
0.000000 -nan 0.090908 0.866142 -0.031496
0.000000 -nan 0.091350 0.866142 -0.031496
0.000000 -nan 0.091793 0.866142 -0.031496
0.000000 -nan 0.092235 0.866142 -0.031496
0.000000 -nan 0.092678 0.866142 -0.031496
0.000000 -nan 0.093120 0.866142 -0.031496
0.000000 -nan 0.093562 0.866142 -0.031496
0.000000 -nan 0.094005 0.866142 -0.031496
0.000000 -nan 0.094447 0.866142 -0.031496
0.000000 -nan 0.094889 0.866142 -0.031496
0.000000 -nan 0.095332 0.866142 -0.031496
0.000000 -nan 0.095774 0.866142 -0.031496
0.000000 -nan 0.096217 0.866142 -0.031496
0.000000 -nan 0.096659 0.866142 -0.031496
0.000000 -nan 0.097101 0.866142 -0.031496
0.000000 -nan 0.097544 0.866142 -0.031496
0.000000 -nan 0.097986 0.866142 -0.031496
0.000000 -nan 0.098428 0.866142 -0.031496
0.000000 -nan 0.098871 0.866142 -0.031496
0.000000 -nan 0.099313 0.866142 -0.031496
0.000000 -nan 0.099756 0.866142 -0.031496
0.000000 -nan 0.100198 0.866142 -0.031496
0.000000 -nan 0.100640 0.866142 -0.031496
0.000000 -nan 0.101083 0.866142 -0.031496
0.000000 -nan 0.101525 0.866142 -0.031496
0.000000 -nan 0.101967 0.866142 -0.031496
0.000000 -nan 0.102410 0.866142 -0.031496
0.000000 -nan 0.102852 0.866142 -0.031496
0.000000 -nan 0.103295 0.866142 -0.031496
0.000000 -nan 0.103737 0.866142 -0.031496
0.000000 -nan 0.104179 0.866142 -0.031496
0.000000 -nan 0.104622 0.866142 -0.031496
0.000000 -nan 0.105064 0.866142 -0.031496
0.000000 -nan 0.105506 0.866142 -0.031496
0.000000 -nan 0.105949 0.866142 -0.031496
0.000000 -nan 0.106391 0.866142 -0.031496
0.000000 -nan 0.106834 0.866142 -0.031496
0.000000 -nan 0.107276 0.866142 -0.031496
0.000000 -nan 0.107718 0.866142 -0.031496
0.000000 -nan 0.108161 0.866142 -0.031496
0.000000 -nan 0.108603 0.866142 -0.031496
0.000000 -nan 0.109045 0.866142 -0.031496
0.000000 -nan 0.109488 0.866142 -0.031496
0.000000 -nan 0.109930 0.866142 -0.031496
0.000000 -nan 0.110373 0.866142 -0.031496
