SoC E[V] Tiempo logChi logEle
0.001221 -0.062168 0.000082 -0.267717 0.535433
0.004208 -0.060328 0.000245 -0.267717 0.535433
0.008066 -0.059474 0.000408 -0.267717 0.535433
0.012504 -0.058302 0.000571 -0.267717 0.535433
0.016770 -0.057953 0.000734 -0.267717 0.535433
0.020625 -0.057494 0.000898 -0.267717 0.535433
0.024499 -0.057633 0.001061 -0.267717 0.535433
0.028423 -0.057389 0.001224 -0.267717 0.535433
0.032299 -0.057631 0.001387 -0.267717 0.535433
0.036322 -0.057589 0.001551 -0.267717 0.535433
0.039810 -0.056825 0.001714 -0.267717 0.535433
0.043457 -0.058038 0.001877 -0.267717 0.535433
0.047223 -0.058809 0.002040 -0.267717 0.535433
0.051168 -0.060721 0.002203 -0.267717 0.535433
0.055251 -0.062723 0.002367 -0.267717 0.535433
0.059073 -0.063123 0.002530 -0.267717 0.535433
0.063061 -0.064642 0.002693 -0.267717 0.535433
0.067139 -0.069876 0.002856 -0.267717 0.535433
0.070968 -0.073871 0.003019 -0.267717 0.535433
0.075058 -0.073042 0.003183 -0.267717 0.535433
0.079063 -0.075439 0.003346 -0.267717 0.535433
0.082872 -0.078699 0.003509 -0.267717 0.535433
0.086650 -0.079554 0.003672 -0.267717 0.535433
0.090704 -0.086741 0.003836 -0.267717 0.535433
0.094942 -0.090878 0.003999 -0.267717 0.535433
0.098776 -0.097123 0.004162 -0.267717 0.535433
0.102667 -0.104621 0.004325 -0.267717 0.535433
0.106486 -0.117552 0.004488 -0.267717 0.535433
0.110462 -0.127590 0.004652 -0.267717 0.535433
0.113235 -0.133887 0.004815 -0.267717 0.535433
0.000000 -nan 0.004978 -0.267717 0.535433
0.000000 -nan 0.005141 -0.267717 0.535433
0.000000 -nan 0.005304 -0.267717 0.535433
0.000000 -nan 0.005468 -0.267717 0.535433
0.000000 -nan 0.005631 -0.267717 0.535433
0.000000 -nan 0.005794 -0.267717 0.535433
0.000000 -nan 0.005957 -0.267717 0.535433
0.000000 -nan 0.006120 -0.267717 0.535433
0.000000 -nan 0.006284 -0.267717 0.535433
0.000000 -nan 0.006447 -0.267717 0.535433
0.000000 -nan 0.006610 -0.267717 0.535433
0.000000 -nan 0.006773 -0.267717 0.535433
0.000000 -nan 0.006937 -0.267717 0.535433
0.000000 -nan 0.007100 -0.267717 0.535433
0.000000 -nan 0.007263 -0.267717 0.535433
0.000000 -nan 0.007426 -0.267717 0.535433
0.000000 -nan 0.007589 -0.267717 0.535433
0.000000 -nan 0.007753 -0.267717 0.535433
0.000000 -nan 0.007916 -0.267717 0.535433
0.000000 -nan 0.008079 -0.267717 0.535433
0.000000 -nan 0.008242 -0.267717 0.535433
0.000000 -nan 0.008405 -0.267717 0.535433
0.000000 -nan 0.008569 -0.267717 0.535433
0.000000 -nan 0.008732 -0.267717 0.535433
0.000000 -nan 0.008895 -0.267717 0.535433
0.000000 -nan 0.009058 -0.267717 0.535433
0.000000 -nan 0.009222 -0.267717 0.535433
0.000000 -nan 0.009385 -0.267717 0.535433
0.000000 -nan 0.009548 -0.267717 0.535433
0.000000 -nan 0.009711 -0.267717 0.535433
0.000000 -nan 0.009874 -0.267717 0.535433
0.000000 -nan 0.010038 -0.267717 0.535433
0.000000 -nan 0.010201 -0.267717 0.535433
0.000000 -nan 0.010364 -0.267717 0.535433
0.000000 -nan 0.010527 -0.267717 0.535433
0.000000 -nan 0.010690 -0.267717 0.535433
0.000000 -nan 0.010854 -0.267717 0.535433
0.000000 -nan 0.011017 -0.267717 0.535433
0.000000 -nan 0.011180 -0.267717 0.535433
0.000000 -nan 0.011343 -0.267717 0.535433
0.000000 -nan 0.011507 -0.267717 0.535433
0.000000 -nan 0.011670 -0.267717 0.535433
0.000000 -nan 0.011833 -0.267717 0.535433
0.000000 -nan 0.011996 -0.267717 0.535433
0.000000 -nan 0.012159 -0.267717 0.535433
0.000000 -nan 0.012323 -0.267717 0.535433
0.000000 -nan 0.012486 -0.267717 0.535433
0.000000 -nan 0.012649 -0.267717 0.535433
0.000000 -nan 0.012812 -0.267717 0.535433
0.000000 -nan 0.012975 -0.267717 0.535433
0.000000 -nan 0.013139 -0.267717 0.535433
0.000000 -nan 0.013302 -0.267717 0.535433
0.000000 -nan 0.013465 -0.267717 0.535433
0.000000 -nan 0.013628 -0.267717 0.535433
0.000000 -nan 0.013792 -0.267717 0.535433
0.000000 -nan 0.013955 -0.267717 0.535433
0.000000 -nan 0.014118 -0.267717 0.535433
0.000000 -nan 0.014281 -0.267717 0.535433
0.000000 -nan 0.014444 -0.267717 0.535433
0.000000 -nan 0.014608 -0.267717 0.535433
0.000000 -nan 0.014771 -0.267717 0.535433
0.000000 -nan 0.014934 -0.267717 0.535433
0.000000 -nan 0.015097 -0.267717 0.535433
0.000000 -nan 0.015260 -0.267717 0.535433
0.000000 -nan 0.015424 -0.267717 0.535433
0.000000 -nan 0.015587 -0.267717 0.535433
0.000000 -nan 0.015750 -0.267717 0.535433
0.000000 -nan 0.015913 -0.267717 0.535433
0.000000 -nan 0.016076 -0.267717 0.535433
0.000000 -nan 0.016240 -0.267717 0.535433
0.000000 -nan 0.016403 -0.267717 0.535433
0.000000 -nan 0.016566 -0.267717 0.535433
0.000000 -nan 0.016729 -0.267717 0.535433
0.000000 -nan 0.016893 -0.267717 0.535433
0.000000 -nan 0.017056 -0.267717 0.535433
0.000000 -nan 0.017219 -0.267717 0.535433
0.000000 -nan 0.017382 -0.267717 0.535433
0.000000 -nan 0.017545 -0.267717 0.535433
0.000000 -nan 0.017709 -0.267717 0.535433
0.000000 -nan 0.017872 -0.267717 0.535433
0.000000 -nan 0.018035 -0.267717 0.535433
0.000000 -nan 0.018198 -0.267717 0.535433
0.000000 -nan 0.018361 -0.267717 0.535433
0.000000 -nan 0.018525 -0.267717 0.535433
0.000000 -nan 0.018688 -0.267717 0.535433
0.000000 -nan 0.018851 -0.267717 0.535433
0.000000 -nan 0.019014 -0.267717 0.535433
0.000000 -nan 0.019178 -0.267717 0.535433
0.000000 -nan 0.019341 -0.267717 0.535433
0.000000 -nan 0.019504 -0.267717 0.535433
0.000000 -nan 0.019667 -0.267717 0.535433
0.000000 -nan 0.019830 -0.267717 0.535433
0.000000 -nan 0.019994 -0.267717 0.535433
0.000000 -nan 0.020157 -0.267717 0.535433
0.000000 -nan 0.020320 -0.267717 0.535433
0.000000 -nan 0.020483 -0.267717 0.535433
0.000000 -nan 0.020646 -0.267717 0.535433
0.000000 -nan 0.020810 -0.267717 0.535433
0.000000 -nan 0.020973 -0.267717 0.535433
0.000000 -nan 0.021136 -0.267717 0.535433
0.000000 -nan 0.021299 -0.267717 0.535433
0.000000 -nan 0.021463 -0.267717 0.535433
0.000000 -nan 0.021626 -0.267717 0.535433
0.000000 -nan 0.021789 -0.267717 0.535433
0.000000 -nan 0.021952 -0.267717 0.535433
0.000000 -nan 0.022115 -0.267717 0.535433
0.000000 -nan 0.022279 -0.267717 0.535433
0.000000 -nan 0.022442 -0.267717 0.535433
0.000000 -nan 0.022605 -0.267717 0.535433
0.000000 -nan 0.022768 -0.267717 0.535433
0.000000 -nan 0.022931 -0.267717 0.535433
0.000000 -nan 0.023095 -0.267717 0.535433
0.000000 -nan 0.023258 -0.267717 0.535433
0.000000 -nan 0.023421 -0.267717 0.535433
0.000000 -nan 0.023584 -0.267717 0.535433
0.000000 -nan 0.023748 -0.267717 0.535433
0.000000 -nan 0.023911 -0.267717 0.535433
0.000000 -nan 0.024074 -0.267717 0.535433
0.000000 -nan 0.024237 -0.267717 0.535433
0.000000 -nan 0.024400 -0.267717 0.535433
0.000000 -nan 0.024564 -0.267717 0.535433
0.000000 -nan 0.024727 -0.267717 0.535433
0.000000 -nan 0.024890 -0.267717 0.535433
0.000000 -nan 0.025053 -0.267717 0.535433
0.000000 -nan 0.025216 -0.267717 0.535433
0.000000 -nan 0.025380 -0.267717 0.535433
0.000000 -nan 0.025543 -0.267717 0.535433
0.000000 -nan 0.025706 -0.267717 0.535433
0.000000 -nan 0.025869 -0.267717 0.535433
0.000000 -nan 0.026032 -0.267717 0.535433
0.000000 -nan 0.026196 -0.267717 0.535433
0.000000 -nan 0.026359 -0.267717 0.535433
0.000000 -nan 0.026522 -0.267717 0.535433
0.000000 -nan 0.026685 -0.267717 0.535433
0.000000 -nan 0.026849 -0.267717 0.535433
0.000000 -nan 0.027012 -0.267717 0.535433
0.000000 -nan 0.027175 -0.267717 0.535433
0.000000 -nan 0.027338 -0.267717 0.535433
0.000000 -nan 0.027501 -0.267717 0.535433
0.000000 -nan 0.027665 -0.267717 0.535433
0.000000 -nan 0.027828 -0.267717 0.535433
0.000000 -nan 0.027991 -0.267717 0.535433
0.000000 -nan 0.028154 -0.267717 0.535433
0.000000 -nan 0.028317 -0.267717 0.535433
0.000000 -nan 0.028481 -0.267717 0.535433
0.000000 -nan 0.028644 -0.267717 0.535433
0.000000 -nan 0.028807 -0.267717 0.535433
0.000000 -nan 0.028970 -0.267717 0.535433
0.000000 -nan 0.029134 -0.267717 0.535433
0.000000 -nan 0.029297 -0.267717 0.535433
0.000000 -nan 0.029460 -0.267717 0.535433
0.000000 -nan 0.029623 -0.267717 0.535433
0.000000 -nan 0.029786 -0.267717 0.535433
0.000000 -nan 0.029950 -0.267717 0.535433
0.000000 -nan 0.030113 -0.267717 0.535433
0.000000 -nan 0.030276 -0.267717 0.535433
0.000000 -nan 0.030439 -0.267717 0.535433
0.000000 -nan 0.030602 -0.267717 0.535433
0.000000 -nan 0.030766 -0.267717 0.535433
0.000000 -nan 0.030929 -0.267717 0.535433
0.000000 -nan 0.031092 -0.267717 0.535433
0.000000 -nan 0.031255 -0.267717 0.535433
0.000000 -nan 0.031419 -0.267717 0.535433
0.000000 -nan 0.031582 -0.267717 0.535433
0.000000 -nan 0.031745 -0.267717 0.535433
0.000000 -nan 0.031908 -0.267717 0.535433
0.000000 -nan 0.032071 -0.267717 0.535433
0.000000 -nan 0.032235 -0.267717 0.535433
0.000000 -nan 0.032398 -0.267717 0.535433
0.000000 -nan 0.032561 -0.267717 0.535433
0.000000 -nan 0.032724 -0.267717 0.535433
0.000000 -nan 0.032887 -0.267717 0.535433
0.000000 -nan 0.033051 -0.267717 0.535433
0.000000 -nan 0.033214 -0.267717 0.535433
0.000000 -nan 0.033377 -0.267717 0.535433
0.000000 -nan 0.033540 -0.267717 0.535433
0.000000 -nan 0.033704 -0.267717 0.535433
0.000000 -nan 0.033867 -0.267717 0.535433
0.000000 -nan 0.034030 -0.267717 0.535433
0.000000 -nan 0.034193 -0.267717 0.535433
0.000000 -nan 0.034356 -0.267717 0.535433
0.000000 -nan 0.034520 -0.267717 0.535433
0.000000 -nan 0.034683 -0.267717 0.535433
0.000000 -nan 0.034846 -0.267717 0.535433
0.000000 -nan 0.035009 -0.267717 0.535433
0.000000 -nan 0.035172 -0.267717 0.535433
0.000000 -nan 0.035336 -0.267717 0.535433
0.000000 -nan 0.035499 -0.267717 0.535433
0.000000 -nan 0.035662 -0.267717 0.535433
0.000000 -nan 0.035825 -0.267717 0.535433
0.000000 -nan 0.035988 -0.267717 0.535433
0.000000 -nan 0.036152 -0.267717 0.535433
0.000000 -nan 0.036315 -0.267717 0.535433
0.000000 -nan 0.036478 -0.267717 0.535433
0.000000 -nan 0.036641 -0.267717 0.535433
0.000000 -nan 0.036805 -0.267717 0.535433
0.000000 -nan 0.036968 -0.267717 0.535433
0.000000 -nan 0.037131 -0.267717 0.535433
0.000000 -nan 0.037294 -0.267717 0.535433
0.000000 -nan 0.037457 -0.267717 0.535433
0.000000 -nan 0.037621 -0.267717 0.535433
0.000000 -nan 0.037784 -0.267717 0.535433
0.000000 -nan 0.037947 -0.267717 0.535433
0.000000 -nan 0.038110 -0.267717 0.535433
0.000000 -nan 0.038273 -0.267717 0.535433
0.000000 -nan 0.038437 -0.267717 0.535433
0.000000 -nan 0.038600 -0.267717 0.535433
0.000000 -nan 0.038763 -0.267717 0.535433
0.000000 -nan 0.038926 -0.267717 0.535433
0.000000 -nan 0.039090 -0.267717 0.535433
0.000000 -nan 0.039253 -0.267717 0.535433
0.000000 -nan 0.039416 -0.267717 0.535433
0.000000 -nan 0.039579 -0.267717 0.535433
0.000000 -nan 0.039742 -0.267717 0.535433
0.000000 -nan 0.039906 -0.267717 0.535433
0.000000 -nan 0.040069 -0.267717 0.535433
0.000000 -nan 0.040232 -0.267717 0.535433
0.000000 -nan 0.040395 -0.267717 0.535433
0.000000 -nan 0.040558 -0.267717 0.535433
0.000000 -nan 0.040722 -0.267717 0.535433
