SoC E[V] Tiempo logChi logEle
0.000016 -0.208584 0.000082 -1.496063 0.535433
0.000000 -nan 0.000245 -1.496063 0.535433
0.000000 -nan 0.000408 -1.496063 0.535433
0.000000 -nan 0.000571 -1.496063 0.535433
0.000000 -nan 0.000734 -1.496063 0.535433
0.000000 -nan 0.000898 -1.496063 0.535433
0.000000 -nan 0.001061 -1.496063 0.535433
0.000000 -nan 0.001224 -1.496063 0.535433
0.000000 -nan 0.001387 -1.496063 0.535433
0.000000 -nan 0.001551 -1.496063 0.535433
0.000000 -nan 0.001714 -1.496063 0.535433
0.000000 -nan 0.001877 -1.496063 0.535433
0.000000 -nan 0.002040 -1.496063 0.535433
0.000000 -nan 0.002203 -1.496063 0.535433
0.000000 -nan 0.002367 -1.496063 0.535433
0.000000 -nan 0.002530 -1.496063 0.535433
0.000000 -nan 0.002693 -1.496063 0.535433
0.000000 -nan 0.002856 -1.496063 0.535433
0.000000 -nan 0.003019 -1.496063 0.535433
0.000000 -nan 0.003183 -1.496063 0.535433
0.000000 -nan 0.003346 -1.496063 0.535433
0.000000 -nan 0.003509 -1.496063 0.535433
0.000000 -nan 0.003672 -1.496063 0.535433
0.000000 -nan 0.003836 -1.496063 0.535433
0.000000 -nan 0.003999 -1.496063 0.535433
0.000000 -nan 0.004162 -1.496063 0.535433
0.000000 -nan 0.004325 -1.496063 0.535433
0.000000 -nan 0.004488 -1.496063 0.535433
0.000000 -nan 0.004652 -1.496063 0.535433
0.000000 -nan 0.004815 -1.496063 0.535433
0.000000 -nan 0.004978 -1.496063 0.535433
0.000000 -nan 0.005141 -1.496063 0.535433
0.000000 -nan 0.005304 -1.496063 0.535433
0.000000 -nan 0.005468 -1.496063 0.535433
0.000000 -nan 0.005631 -1.496063 0.535433
0.000000 -nan 0.005794 -1.496063 0.535433
0.000000 -nan 0.005957 -1.496063 0.535433
0.000000 -nan 0.006120 -1.496063 0.535433
0.000000 -nan 0.006284 -1.496063 0.535433
0.000000 -nan 0.006447 -1.496063 0.535433
0.000000 -nan 0.006610 -1.496063 0.535433
0.000000 -nan 0.006773 -1.496063 0.535433
0.000000 -nan 0.006937 -1.496063 0.535433
0.000000 -nan 0.007100 -1.496063 0.535433
0.000000 -nan 0.007263 -1.496063 0.535433
0.000000 -nan 0.007426 -1.496063 0.535433
0.000000 -nan 0.007589 -1.496063 0.535433
0.000000 -nan 0.007753 -1.496063 0.535433
0.000000 -nan 0.007916 -1.496063 0.535433
0.000000 -nan 0.008079 -1.496063 0.535433
0.000000 -nan 0.008242 -1.496063 0.535433
0.000000 -nan 0.008405 -1.496063 0.535433
0.000000 -nan 0.008569 -1.496063 0.535433
0.000000 -nan 0.008732 -1.496063 0.535433
0.000000 -nan 0.008895 -1.496063 0.535433
0.000000 -nan 0.009058 -1.496063 0.535433
0.000000 -nan 0.009222 -1.496063 0.535433
0.000000 -nan 0.009385 -1.496063 0.535433
0.000000 -nan 0.009548 -1.496063 0.535433
0.000000 -nan 0.009711 -1.496063 0.535433
0.000000 -nan 0.009874 -1.496063 0.535433
0.000000 -nan 0.010038 -1.496063 0.535433
0.000000 -nan 0.010201 -1.496063 0.535433
0.000000 -nan 0.010364 -1.496063 0.535433
0.000000 -nan 0.010527 -1.496063 0.535433
0.000000 -nan 0.010690 -1.496063 0.535433
0.000000 -nan 0.010854 -1.496063 0.535433
0.000000 -nan 0.011017 -1.496063 0.535433
0.000000 -nan 0.011180 -1.496063 0.535433
0.000000 -nan 0.011343 -1.496063 0.535433
0.000000 -nan 0.011507 -1.496063 0.535433
0.000000 -nan 0.011670 -1.496063 0.535433
0.000000 -nan 0.011833 -1.496063 0.535433
0.000000 -nan 0.011996 -1.496063 0.535433
0.000000 -nan 0.012159 -1.496063 0.535433
0.000000 -nan 0.012323 -1.496063 0.535433
0.000000 -nan 0.012486 -1.496063 0.535433
0.000000 -nan 0.012649 -1.496063 0.535433
0.000000 -nan 0.012812 -1.496063 0.535433
0.000000 -nan 0.012975 -1.496063 0.535433
0.000000 -nan 0.013139 -1.496063 0.535433
0.000000 -nan 0.013302 -1.496063 0.535433
0.000000 -nan 0.013465 -1.496063 0.535433
0.000000 -nan 0.013628 -1.496063 0.535433
0.000000 -nan 0.013792 -1.496063 0.535433
0.000000 -nan 0.013955 -1.496063 0.535433
0.000000 -nan 0.014118 -1.496063 0.535433
0.000000 -nan 0.014281 -1.496063 0.535433
0.000000 -nan 0.014444 -1.496063 0.535433
0.000000 -nan 0.014608 -1.496063 0.535433
0.000000 -nan 0.014771 -1.496063 0.535433
0.000000 -nan 0.014934 -1.496063 0.535433
0.000000 -nan 0.015097 -1.496063 0.535433
0.000000 -nan 0.015260 -1.496063 0.535433
0.000000 -nan 0.015424 -1.496063 0.535433
0.000000 -nan 0.015587 -1.496063 0.535433
0.000000 -nan 0.015750 -1.496063 0.535433
0.000000 -nan 0.015913 -1.496063 0.535433
0.000000 -nan 0.016076 -1.496063 0.535433
0.000000 -nan 0.016240 -1.496063 0.535433
0.000000 -nan 0.016403 -1.496063 0.535433
0.000000 -nan 0.016566 -1.496063 0.535433
0.000000 -nan 0.016729 -1.496063 0.535433
0.000000 -nan 0.016893 -1.496063 0.535433
0.000000 -nan 0.017056 -1.496063 0.535433
0.000000 -nan 0.017219 -1.496063 0.535433
0.000000 -nan 0.017382 -1.496063 0.535433
0.000000 -nan 0.017545 -1.496063 0.535433
0.000000 -nan 0.017709 -1.496063 0.535433
0.000000 -nan 0.017872 -1.496063 0.535433
0.000000 -nan 0.018035 -1.496063 0.535433
0.000000 -nan 0.018198 -1.496063 0.535433
0.000000 -nan 0.018361 -1.496063 0.535433
0.000000 -nan 0.018525 -1.496063 0.535433
0.000000 -nan 0.018688 -1.496063 0.535433
0.000000 -nan 0.018851 -1.496063 0.535433
0.000000 -nan 0.019014 -1.496063 0.535433
0.000000 -nan 0.019178 -1.496063 0.535433
0.000000 -nan 0.019341 -1.496063 0.535433
0.000000 -nan 0.019504 -1.496063 0.535433
0.000000 -nan 0.019667 -1.496063 0.535433
0.000000 -nan 0.019830 -1.496063 0.535433
0.000000 -nan 0.019994 -1.496063 0.535433
0.000000 -nan 0.020157 -1.496063 0.535433
0.000000 -nan 0.020320 -1.496063 0.535433
0.000000 -nan 0.020483 -1.496063 0.535433
0.000000 -nan 0.020646 -1.496063 0.535433
0.000000 -nan 0.020810 -1.496063 0.535433
0.000000 -nan 0.020973 -1.496063 0.535433
0.000000 -nan 0.021136 -1.496063 0.535433
0.000000 -nan 0.021299 -1.496063 0.535433
0.000000 -nan 0.021463 -1.496063 0.535433
0.000000 -nan 0.021626 -1.496063 0.535433
0.000000 -nan 0.021789 -1.496063 0.535433
0.000000 -nan 0.021952 -1.496063 0.535433
0.000000 -nan 0.022115 -1.496063 0.535433
0.000000 -nan 0.022279 -1.496063 0.535433
0.000000 -nan 0.022442 -1.496063 0.535433
0.000000 -nan 0.022605 -1.496063 0.535433
0.000000 -nan 0.022768 -1.496063 0.535433
0.000000 -nan 0.022931 -1.496063 0.535433
0.000000 -nan 0.023095 -1.496063 0.535433
0.000000 -nan 0.023258 -1.496063 0.535433
0.000000 -nan 0.023421 -1.496063 0.535433
0.000000 -nan 0.023584 -1.496063 0.535433
0.000000 -nan 0.023748 -1.496063 0.535433
0.000000 -nan 0.023911 -1.496063 0.535433
0.000000 -nan 0.024074 -1.496063 0.535433
0.000000 -nan 0.024237 -1.496063 0.535433
0.000000 -nan 0.024400 -1.496063 0.535433
0.000000 -nan 0.024564 -1.496063 0.535433
0.000000 -nan 0.024727 -1.496063 0.535433
0.000000 -nan 0.024890 -1.496063 0.535433
0.000000 -nan 0.025053 -1.496063 0.535433
0.000000 -nan 0.025216 -1.496063 0.535433
0.000000 -nan 0.025380 -1.496063 0.535433
0.000000 -nan 0.025543 -1.496063 0.535433
0.000000 -nan 0.025706 -1.496063 0.535433
0.000000 -nan 0.025869 -1.496063 0.535433
0.000000 -nan 0.026032 -1.496063 0.535433
0.000000 -nan 0.026196 -1.496063 0.535433
0.000000 -nan 0.026359 -1.496063 0.535433
0.000000 -nan 0.026522 -1.496063 0.535433
0.000000 -nan 0.026685 -1.496063 0.535433
0.000000 -nan 0.026849 -1.496063 0.535433
0.000000 -nan 0.027012 -1.496063 0.535433
0.000000 -nan 0.027175 -1.496063 0.535433
0.000000 -nan 0.027338 -1.496063 0.535433
0.000000 -nan 0.027501 -1.496063 0.535433
0.000000 -nan 0.027665 -1.496063 0.535433
0.000000 -nan 0.027828 -1.496063 0.535433
0.000000 -nan 0.027991 -1.496063 0.535433
0.000000 -nan 0.028154 -1.496063 0.535433
0.000000 -nan 0.028317 -1.496063 0.535433
0.000000 -nan 0.028481 -1.496063 0.535433
0.000000 -nan 0.028644 -1.496063 0.535433
0.000000 -nan 0.028807 -1.496063 0.535433
0.000000 -nan 0.028970 -1.496063 0.535433
0.000000 -nan 0.029134 -1.496063 0.535433
0.000000 -nan 0.029297 -1.496063 0.535433
0.000000 -nan 0.029460 -1.496063 0.535433
0.000000 -nan 0.029623 -1.496063 0.535433
0.000000 -nan 0.029786 -1.496063 0.535433
0.000000 -nan 0.029950 -1.496063 0.535433
0.000000 -nan 0.030113 -1.496063 0.535433
0.000000 -nan 0.030276 -1.496063 0.535433
0.000000 -nan 0.030439 -1.496063 0.535433
0.000000 -nan 0.030602 -1.496063 0.535433
0.000000 -nan 0.030766 -1.496063 0.535433
0.000000 -nan 0.030929 -1.496063 0.535433
0.000000 -nan 0.031092 -1.496063 0.535433
0.000000 -nan 0.031255 -1.496063 0.535433
0.000000 -nan 0.031419 -1.496063 0.535433
0.000000 -nan 0.031582 -1.496063 0.535433
0.000000 -nan 0.031745 -1.496063 0.535433
0.000000 -nan 0.031908 -1.496063 0.535433
0.000000 -nan 0.032071 -1.496063 0.535433
0.000000 -nan 0.032235 -1.496063 0.535433
0.000000 -nan 0.032398 -1.496063 0.535433
0.000000 -nan 0.032561 -1.496063 0.535433
0.000000 -nan 0.032724 -1.496063 0.535433
0.000000 -nan 0.032887 -1.496063 0.535433
0.000000 -nan 0.033051 -1.496063 0.535433
0.000000 -nan 0.033214 -1.496063 0.535433
0.000000 -nan 0.033377 -1.496063 0.535433
0.000000 -nan 0.033540 -1.496063 0.535433
0.000000 -nan 0.033704 -1.496063 0.535433
0.000000 -nan 0.033867 -1.496063 0.535433
0.000000 -nan 0.034030 -1.496063 0.535433
0.000000 -nan 0.034193 -1.496063 0.535433
0.000000 -nan 0.034356 -1.496063 0.535433
0.000000 -nan 0.034520 -1.496063 0.535433
0.000000 -nan 0.034683 -1.496063 0.535433
0.000000 -nan 0.034846 -1.496063 0.535433
0.000000 -nan 0.035009 -1.496063 0.535433
0.000000 -nan 0.035172 -1.496063 0.535433
0.000000 -nan 0.035336 -1.496063 0.535433
0.000000 -nan 0.035499 -1.496063 0.535433
0.000000 -nan 0.035662 -1.496063 0.535433
0.000000 -nan 0.035825 -1.496063 0.535433
0.000000 -nan 0.035988 -1.496063 0.535433
0.000000 -nan 0.036152 -1.496063 0.535433
0.000000 -nan 0.036315 -1.496063 0.535433
0.000000 -nan 0.036478 -1.496063 0.535433
0.000000 -nan 0.036641 -1.496063 0.535433
0.000000 -nan 0.036805 -1.496063 0.535433
0.000000 -nan 0.036968 -1.496063 0.535433
0.000000 -nan 0.037131 -1.496063 0.535433
0.000000 -nan 0.037294 -1.496063 0.535433
0.000000 -nan 0.037457 -1.496063 0.535433
0.000000 -nan 0.037621 -1.496063 0.535433
0.000000 -nan 0.037784 -1.496063 0.535433
0.000000 -nan 0.037947 -1.496063 0.535433
0.000000 -nan 0.038110 -1.496063 0.535433
0.000000 -nan 0.038273 -1.496063 0.535433
0.000000 -nan 0.038437 -1.496063 0.535433
0.000000 -nan 0.038600 -1.496063 0.535433
0.000000 -nan 0.038763 -1.496063 0.535433
0.000000 -nan 0.038926 -1.496063 0.535433
0.000000 -nan 0.039090 -1.496063 0.535433
0.000000 -nan 0.039253 -1.496063 0.535433
0.000000 -nan 0.039416 -1.496063 0.535433
0.000000 -nan 0.039579 -1.496063 0.535433
0.000000 -nan 0.039742 -1.496063 0.535433
0.000000 -nan 0.039906 -1.496063 0.535433
0.000000 -nan 0.040069 -1.496063 0.535433
0.000000 -nan 0.040232 -1.496063 0.535433
0.000000 -nan 0.040395 -1.496063 0.535433
0.000000 -nan 0.040558 -1.496063 0.535433
0.000000 -nan 0.040722 -1.496063 0.535433
