SoC E[V] Tiempo logChi logEle
0.002870 0.007484 0.000082 0.346457 0.535433
0.006556 0.007067 0.000245 0.346457 0.535433
0.010082 0.006631 0.000408 0.346457 0.535433
0.014195 0.006442 0.000571 0.346457 0.535433
0.018077 0.006270 0.000734 0.346457 0.535433
0.022281 0.005620 0.000898 0.346457 0.535433
0.026344 0.005374 0.001061 0.346457 0.535433
0.030675 0.004426 0.001224 0.346457 0.535433
0.034920 0.003071 0.001387 0.346457 0.535433
0.038858 0.003062 0.001551 0.346457 0.535433
0.042589 0.000589 0.001714 0.346457 0.535433
0.046646 0.001950 0.001877 0.346457 0.535433
0.050727 0.000136 0.002040 0.346457 0.535433
0.054998 -0.000630 0.002203 0.346457 0.535433
0.059112 -0.000822 0.002367 0.346457 0.535433
0.062928 -0.002099 0.002530 0.346457 0.535433
0.066767 -0.002198 0.002693 0.346457 0.535433
0.070405 -0.003830 0.002856 0.346457 0.535433
0.074026 -0.006099 0.003019 0.346457 0.535433
0.077560 -0.007944 0.003183 0.346457 0.535433
0.081627 -0.012672 0.003346 0.346457 0.535433
0.085679 -0.020086 0.003509 0.346457 0.535433
0.089940 -0.024822 0.003672 0.346457 0.535433
0.094159 -0.036915 0.003836 0.346457 0.535433
0.098137 -0.045702 0.003999 0.346457 0.535433
0.102563 -0.069392 0.004162 0.346457 0.535433
0.106723 -0.071967 0.004325 0.346457 0.535433
0.110580 -0.099377 0.004488 0.346457 0.535433
0.000000 -nan 0.004652 0.346457 0.535433
0.000000 -nan 0.004815 0.346457 0.535433
0.000000 -nan 0.004978 0.346457 0.535433
0.000000 -nan 0.005141 0.346457 0.535433
0.000000 -nan 0.005304 0.346457 0.535433
0.000000 -nan 0.005468 0.346457 0.535433
0.000000 -nan 0.005631 0.346457 0.535433
0.000000 -nan 0.005794 0.346457 0.535433
0.000000 -nan 0.005957 0.346457 0.535433
0.000000 -nan 0.006120 0.346457 0.535433
0.000000 -nan 0.006284 0.346457 0.535433
0.000000 -nan 0.006447 0.346457 0.535433
0.000000 -nan 0.006610 0.346457 0.535433
0.000000 -nan 0.006773 0.346457 0.535433
0.000000 -nan 0.006937 0.346457 0.535433
0.000000 -nan 0.007100 0.346457 0.535433
0.000000 -nan 0.007263 0.346457 0.535433
0.000000 -nan 0.007426 0.346457 0.535433
0.000000 -nan 0.007589 0.346457 0.535433
0.000000 -nan 0.007753 0.346457 0.535433
0.000000 -nan 0.007916 0.346457 0.535433
0.000000 -nan 0.008079 0.346457 0.535433
0.000000 -nan 0.008242 0.346457 0.535433
0.000000 -nan 0.008405 0.346457 0.535433
0.000000 -nan 0.008569 0.346457 0.535433
0.000000 -nan 0.008732 0.346457 0.535433
0.000000 -nan 0.008895 0.346457 0.535433
0.000000 -nan 0.009058 0.346457 0.535433
0.000000 -nan 0.009222 0.346457 0.535433
0.000000 -nan 0.009385 0.346457 0.535433
0.000000 -nan 0.009548 0.346457 0.535433
0.000000 -nan 0.009711 0.346457 0.535433
0.000000 -nan 0.009874 0.346457 0.535433
0.000000 -nan 0.010038 0.346457 0.535433
0.000000 -nan 0.010201 0.346457 0.535433
0.000000 -nan 0.010364 0.346457 0.535433
0.000000 -nan 0.010527 0.346457 0.535433
0.000000 -nan 0.010690 0.346457 0.535433
0.000000 -nan 0.010854 0.346457 0.535433
0.000000 -nan 0.011017 0.346457 0.535433
0.000000 -nan 0.011180 0.346457 0.535433
0.000000 -nan 0.011343 0.346457 0.535433
0.000000 -nan 0.011507 0.346457 0.535433
0.000000 -nan 0.011670 0.346457 0.535433
0.000000 -nan 0.011833 0.346457 0.535433
0.000000 -nan 0.011996 0.346457 0.535433
0.000000 -nan 0.012159 0.346457 0.535433
0.000000 -nan 0.012323 0.346457 0.535433
0.000000 -nan 0.012486 0.346457 0.535433
0.000000 -nan 0.012649 0.346457 0.535433
0.000000 -nan 0.012812 0.346457 0.535433
0.000000 -nan 0.012975 0.346457 0.535433
0.000000 -nan 0.013139 0.346457 0.535433
0.000000 -nan 0.013302 0.346457 0.535433
0.000000 -nan 0.013465 0.346457 0.535433
0.000000 -nan 0.013628 0.346457 0.535433
0.000000 -nan 0.013792 0.346457 0.535433
0.000000 -nan 0.013955 0.346457 0.535433
0.000000 -nan 0.014118 0.346457 0.535433
0.000000 -nan 0.014281 0.346457 0.535433
0.000000 -nan 0.014444 0.346457 0.535433
0.000000 -nan 0.014608 0.346457 0.535433
0.000000 -nan 0.014771 0.346457 0.535433
0.000000 -nan 0.014934 0.346457 0.535433
0.000000 -nan 0.015097 0.346457 0.535433
0.000000 -nan 0.015260 0.346457 0.535433
0.000000 -nan 0.015424 0.346457 0.535433
0.000000 -nan 0.015587 0.346457 0.535433
0.000000 -nan 0.015750 0.346457 0.535433
0.000000 -nan 0.015913 0.346457 0.535433
0.000000 -nan 0.016076 0.346457 0.535433
0.000000 -nan 0.016240 0.346457 0.535433
0.000000 -nan 0.016403 0.346457 0.535433
0.000000 -nan 0.016566 0.346457 0.535433
0.000000 -nan 0.016729 0.346457 0.535433
0.000000 -nan 0.016893 0.346457 0.535433
0.000000 -nan 0.017056 0.346457 0.535433
0.000000 -nan 0.017219 0.346457 0.535433
0.000000 -nan 0.017382 0.346457 0.535433
0.000000 -nan 0.017545 0.346457 0.535433
0.000000 -nan 0.017709 0.346457 0.535433
0.000000 -nan 0.017872 0.346457 0.535433
0.000000 -nan 0.018035 0.346457 0.535433
0.000000 -nan 0.018198 0.346457 0.535433
0.000000 -nan 0.018361 0.346457 0.535433
0.000000 -nan 0.018525 0.346457 0.535433
0.000000 -nan 0.018688 0.346457 0.535433
0.000000 -nan 0.018851 0.346457 0.535433
0.000000 -nan 0.019014 0.346457 0.535433
0.000000 -nan 0.019178 0.346457 0.535433
0.000000 -nan 0.019341 0.346457 0.535433
0.000000 -nan 0.019504 0.346457 0.535433
0.000000 -nan 0.019667 0.346457 0.535433
0.000000 -nan 0.019830 0.346457 0.535433
0.000000 -nan 0.019994 0.346457 0.535433
0.000000 -nan 0.020157 0.346457 0.535433
0.000000 -nan 0.020320 0.346457 0.535433
0.000000 -nan 0.020483 0.346457 0.535433
0.000000 -nan 0.020646 0.346457 0.535433
0.000000 -nan 0.020810 0.346457 0.535433
0.000000 -nan 0.020973 0.346457 0.535433
0.000000 -nan 0.021136 0.346457 0.535433
0.000000 -nan 0.021299 0.346457 0.535433
0.000000 -nan 0.021463 0.346457 0.535433
0.000000 -nan 0.021626 0.346457 0.535433
0.000000 -nan 0.021789 0.346457 0.535433
0.000000 -nan 0.021952 0.346457 0.535433
0.000000 -nan 0.022115 0.346457 0.535433
0.000000 -nan 0.022279 0.346457 0.535433
0.000000 -nan 0.022442 0.346457 0.535433
0.000000 -nan 0.022605 0.346457 0.535433
0.000000 -nan 0.022768 0.346457 0.535433
0.000000 -nan 0.022931 0.346457 0.535433
0.000000 -nan 0.023095 0.346457 0.535433
0.000000 -nan 0.023258 0.346457 0.535433
0.000000 -nan 0.023421 0.346457 0.535433
0.000000 -nan 0.023584 0.346457 0.535433
0.000000 -nan 0.023748 0.346457 0.535433
0.000000 -nan 0.023911 0.346457 0.535433
0.000000 -nan 0.024074 0.346457 0.535433
0.000000 -nan 0.024237 0.346457 0.535433
0.000000 -nan 0.024400 0.346457 0.535433
0.000000 -nan 0.024564 0.346457 0.535433
0.000000 -nan 0.024727 0.346457 0.535433
0.000000 -nan 0.024890 0.346457 0.535433
0.000000 -nan 0.025053 0.346457 0.535433
0.000000 -nan 0.025216 0.346457 0.535433
0.000000 -nan 0.025380 0.346457 0.535433
0.000000 -nan 0.025543 0.346457 0.535433
0.000000 -nan 0.025706 0.346457 0.535433
0.000000 -nan 0.025869 0.346457 0.535433
0.000000 -nan 0.026032 0.346457 0.535433
0.000000 -nan 0.026196 0.346457 0.535433
0.000000 -nan 0.026359 0.346457 0.535433
0.000000 -nan 0.026522 0.346457 0.535433
0.000000 -nan 0.026685 0.346457 0.535433
0.000000 -nan 0.026849 0.346457 0.535433
0.000000 -nan 0.027012 0.346457 0.535433
0.000000 -nan 0.027175 0.346457 0.535433
0.000000 -nan 0.027338 0.346457 0.535433
0.000000 -nan 0.027501 0.346457 0.535433
0.000000 -nan 0.027665 0.346457 0.535433
0.000000 -nan 0.027828 0.346457 0.535433
0.000000 -nan 0.027991 0.346457 0.535433
0.000000 -nan 0.028154 0.346457 0.535433
0.000000 -nan 0.028317 0.346457 0.535433
0.000000 -nan 0.028481 0.346457 0.535433
0.000000 -nan 0.028644 0.346457 0.535433
0.000000 -nan 0.028807 0.346457 0.535433
0.000000 -nan 0.028970 0.346457 0.535433
0.000000 -nan 0.029134 0.346457 0.535433
0.000000 -nan 0.029297 0.346457 0.535433
0.000000 -nan 0.029460 0.346457 0.535433
0.000000 -nan 0.029623 0.346457 0.535433
0.000000 -nan 0.029786 0.346457 0.535433
0.000000 -nan 0.029950 0.346457 0.535433
0.000000 -nan 0.030113 0.346457 0.535433
0.000000 -nan 0.030276 0.346457 0.535433
0.000000 -nan 0.030439 0.346457 0.535433
0.000000 -nan 0.030602 0.346457 0.535433
0.000000 -nan 0.030766 0.346457 0.535433
0.000000 -nan 0.030929 0.346457 0.535433
0.000000 -nan 0.031092 0.346457 0.535433
0.000000 -nan 0.031255 0.346457 0.535433
0.000000 -nan 0.031419 0.346457 0.535433
0.000000 -nan 0.031582 0.346457 0.535433
0.000000 -nan 0.031745 0.346457 0.535433
0.000000 -nan 0.031908 0.346457 0.535433
0.000000 -nan 0.032071 0.346457 0.535433
0.000000 -nan 0.032235 0.346457 0.535433
0.000000 -nan 0.032398 0.346457 0.535433
0.000000 -nan 0.032561 0.346457 0.535433
0.000000 -nan 0.032724 0.346457 0.535433
0.000000 -nan 0.032887 0.346457 0.535433
0.000000 -nan 0.033051 0.346457 0.535433
0.000000 -nan 0.033214 0.346457 0.535433
0.000000 -nan 0.033377 0.346457 0.535433
0.000000 -nan 0.033540 0.346457 0.535433
0.000000 -nan 0.033704 0.346457 0.535433
0.000000 -nan 0.033867 0.346457 0.535433
0.000000 -nan 0.034030 0.346457 0.535433
0.000000 -nan 0.034193 0.346457 0.535433
0.000000 -nan 0.034356 0.346457 0.535433
0.000000 -nan 0.034520 0.346457 0.535433
0.000000 -nan 0.034683 0.346457 0.535433
0.000000 -nan 0.034846 0.346457 0.535433
0.000000 -nan 0.035009 0.346457 0.535433
0.000000 -nan 0.035172 0.346457 0.535433
0.000000 -nan 0.035336 0.346457 0.535433
0.000000 -nan 0.035499 0.346457 0.535433
0.000000 -nan 0.035662 0.346457 0.535433
0.000000 -nan 0.035825 0.346457 0.535433
0.000000 -nan 0.035988 0.346457 0.535433
0.000000 -nan 0.036152 0.346457 0.535433
0.000000 -nan 0.036315 0.346457 0.535433
0.000000 -nan 0.036478 0.346457 0.535433
0.000000 -nan 0.036641 0.346457 0.535433
0.000000 -nan 0.036805 0.346457 0.535433
0.000000 -nan 0.036968 0.346457 0.535433
0.000000 -nan 0.037131 0.346457 0.535433
0.000000 -nan 0.037294 0.346457 0.535433
0.000000 -nan 0.037457 0.346457 0.535433
0.000000 -nan 0.037621 0.346457 0.535433
0.000000 -nan 0.037784 0.346457 0.535433
0.000000 -nan 0.037947 0.346457 0.535433
0.000000 -nan 0.038110 0.346457 0.535433
0.000000 -nan 0.038273 0.346457 0.535433
0.000000 -nan 0.038437 0.346457 0.535433
0.000000 -nan 0.038600 0.346457 0.535433
0.000000 -nan 0.038763 0.346457 0.535433
0.000000 -nan 0.038926 0.346457 0.535433
0.000000 -nan 0.039090 0.346457 0.535433
0.000000 -nan 0.039253 0.346457 0.535433
0.000000 -nan 0.039416 0.346457 0.535433
0.000000 -nan 0.039579 0.346457 0.535433
0.000000 -nan 0.039742 0.346457 0.535433
0.000000 -nan 0.039906 0.346457 0.535433
0.000000 -nan 0.040069 0.346457 0.535433
0.000000 -nan 0.040232 0.346457 0.535433
0.000000 -nan 0.040395 0.346457 0.535433
0.000000 -nan 0.040558 0.346457 0.535433
0.000000 -nan 0.040722 0.346457 0.535433
