SoC E[V] Tiempo logChi logEle
0.002661 0.009736 0.000103 0.299213 0.299213
0.005937 0.004659 0.000310 0.299213 0.299213
0.009801 0.001179 0.000516 0.299213 0.299213
0.013665 -0.002409 0.000723 0.299213 0.299213
0.017668 -0.005352 0.000930 0.299213 0.299213
0.021505 -0.007706 0.001136 0.299213 0.299213
0.025992 -0.009532 0.001343 0.299213 0.299213
0.030112 -0.011077 0.001549 0.299213 0.299213
0.034289 -0.011664 0.001756 0.299213 0.299213
0.038378 -0.013068 0.001962 0.299213 0.299213
0.042476 -0.015035 0.002169 0.299213 0.299213
0.046483 -0.017640 0.002376 0.299213 0.299213
0.050401 -0.018167 0.002582 0.299213 0.299213
0.054559 -0.019605 0.002789 0.299213 0.299213
0.058454 -0.020643 0.002995 0.299213 0.299213
0.062422 -0.022476 0.003202 0.299213 0.299213
0.066629 -0.024124 0.003409 0.299213 0.299213
0.070693 -0.024697 0.003615 0.299213 0.299213
0.074646 -0.025616 0.003822 0.299213 0.299213
0.078409 -0.025691 0.004028 0.299213 0.299213
0.082289 -0.026237 0.004235 0.299213 0.299213
0.086497 -0.027307 0.004441 0.299213 0.299213
0.090795 -0.029886 0.004648 0.299213 0.299213
0.094975 -0.031207 0.004855 0.299213 0.299213
0.098960 -0.032622 0.005061 0.299213 0.299213
0.102745 -0.032082 0.005268 0.299213 0.299213
0.106580 -0.032075 0.005474 0.299213 0.299213
0.110343 -0.034029 0.005681 0.299213 0.299213
0.114207 -0.036223 0.005887 0.299213 0.299213
0.118152 -0.035893 0.006094 0.299213 0.299213
0.122337 -0.037610 0.006301 0.299213 0.299213
0.126699 -0.037646 0.006507 0.299213 0.299213
0.130550 -0.039742 0.006714 0.299213 0.299213
0.134090 -0.039303 0.006920 0.299213 0.299213
0.137943 -0.040607 0.007127 0.299213 0.299213
0.142272 -0.043626 0.007333 0.299213 0.299213
0.146432 -0.044441 0.007540 0.299213 0.299213
0.150703 -0.047232 0.007747 0.299213 0.299213
0.155291 -0.047792 0.007953 0.299213 0.299213
0.159589 -0.049089 0.008160 0.299213 0.299213
0.163205 -0.049951 0.008366 0.299213 0.299213
0.167047 -0.048485 0.008573 0.299213 0.299213
0.170980 -0.050281 0.008780 0.299213 0.299213
0.174920 -0.051606 0.008986 0.299213 0.299213
0.178707 -0.053141 0.009193 0.299213 0.299213
0.182451 -0.051976 0.009399 0.299213 0.299213
0.186544 -0.053096 0.009606 0.299213 0.299213
0.190175 -0.054275 0.009812 0.299213 0.299213
0.193889 -0.056356 0.010019 0.299213 0.299213
0.198056 -0.058266 0.010226 0.299213 0.299213
0.201903 -0.058711 0.010432 0.299213 0.299213
0.205956 -0.059007 0.010639 0.299213 0.299213
0.210278 -0.064195 0.010845 0.299213 0.299213
0.214397 -0.062715 0.011052 0.299213 0.299213
0.218255 -0.062369 0.011258 0.299213 0.299213
0.222288 -0.065118 0.011465 0.299213 0.299213
0.226091 -0.063104 0.011672 0.299213 0.299213
0.229898 -0.064840 0.011878 0.299213 0.299213
0.233887 -0.067001 0.012085 0.299213 0.299213
0.237917 -0.070273 0.012291 0.299213 0.299213
0.241850 -0.067540 0.012498 0.299213 0.299213
0.245646 -0.069739 0.012704 0.299213 0.299213
0.249741 -0.073542 0.012911 0.299213 0.299213
0.254105 -0.076774 0.013118 0.299213 0.299213
0.257639 -0.074041 0.013324 0.299213 0.299213
0.261505 -0.073943 0.013531 0.299213 0.299213
0.265526 -0.076075 0.013737 0.299213 0.299213
0.269028 -0.075075 0.013944 0.299213 0.299213
0.273355 -0.078608 0.014151 0.299213 0.299213
0.276994 -0.077936 0.014357 0.299213 0.299213
0.280425 -0.076122 0.014564 0.299213 0.299213
0.284505 -0.078474 0.014770 0.299213 0.299213
0.288726 -0.084994 0.014977 0.299213 0.299213
0.292615 -0.086668 0.015183 0.299213 0.299213
0.296423 -0.087382 0.015390 0.299213 0.299213
0.300539 -0.090141 0.015597 0.299213 0.299213
0.304628 -0.094796 0.015803 0.299213 0.299213
0.308304 -0.096148 0.016010 0.299213 0.299213
0.312515 -0.101247 0.016216 0.299213 0.299213
0.316589 -0.105646 0.016423 0.299213 0.299213
0.320575 -0.101684 0.016629 0.299213 0.299213
0.324807 -0.106885 0.016836 0.299213 0.299213
0.328818 -0.106455 0.017043 0.299213 0.299213
0.332654 -0.112670 0.017249 0.299213 0.299213
0.337115 -0.117655 0.017456 0.299213 0.299213
0.341139 -0.114227 0.017662 0.299213 0.299213
0.345082 -0.119105 0.017869 0.299213 0.299213
0.349134 -0.118588 0.018075 0.299213 0.299213
0.353334 -0.122563 0.018282 0.299213 0.299213
0.357326 -0.126581 0.018489 0.299213 0.299213
0.359858 -0.138195 0.018695 0.299213 0.299213
0.000000 -nan 0.018902 0.299213 0.299213
0.000000 -nan 0.019108 0.299213 0.299213
0.000000 -nan 0.019315 0.299213 0.299213
0.000000 -nan 0.019522 0.299213 0.299213
0.000000 -nan 0.019728 0.299213 0.299213
0.000000 -nan 0.019935 0.299213 0.299213
0.000000 -nan 0.020141 0.299213 0.299213
0.000000 -nan 0.020348 0.299213 0.299213
0.000000 -nan 0.020554 0.299213 0.299213
0.000000 -nan 0.020761 0.299213 0.299213
0.000000 -nan 0.020968 0.299213 0.299213
0.000000 -nan 0.021174 0.299213 0.299213
0.000000 -nan 0.021381 0.299213 0.299213
0.000000 -nan 0.021587 0.299213 0.299213
0.000000 -nan 0.021794 0.299213 0.299213
0.000000 -nan 0.022000 0.299213 0.299213
0.000000 -nan 0.022207 0.299213 0.299213
0.000000 -nan 0.022414 0.299213 0.299213
0.000000 -nan 0.022620 0.299213 0.299213
0.000000 -nan 0.022827 0.299213 0.299213
0.000000 -nan 0.023033 0.299213 0.299213
0.000000 -nan 0.023240 0.299213 0.299213
0.000000 -nan 0.023446 0.299213 0.299213
0.000000 -nan 0.023653 0.299213 0.299213
0.000000 -nan 0.023860 0.299213 0.299213
0.000000 -nan 0.024066 0.299213 0.299213
0.000000 -nan 0.024273 0.299213 0.299213
0.000000 -nan 0.024479 0.299213 0.299213
0.000000 -nan 0.024686 0.299213 0.299213
0.000000 -nan 0.024893 0.299213 0.299213
0.000000 -nan 0.025099 0.299213 0.299213
0.000000 -nan 0.025306 0.299213 0.299213
0.000000 -nan 0.025512 0.299213 0.299213
0.000000 -nan 0.025719 0.299213 0.299213
0.000000 -nan 0.025925 0.299213 0.299213
0.000000 -nan 0.026132 0.299213 0.299213
0.000000 -nan 0.026339 0.299213 0.299213
0.000000 -nan 0.026545 0.299213 0.299213
0.000000 -nan 0.026752 0.299213 0.299213
0.000000 -nan 0.026958 0.299213 0.299213
0.000000 -nan 0.027165 0.299213 0.299213
0.000000 -nan 0.027371 0.299213 0.299213
0.000000 -nan 0.027578 0.299213 0.299213
0.000000 -nan 0.027785 0.299213 0.299213
0.000000 -nan 0.027991 0.299213 0.299213
0.000000 -nan 0.028198 0.299213 0.299213
0.000000 -nan 0.028404 0.299213 0.299213
0.000000 -nan 0.028611 0.299213 0.299213
0.000000 -nan 0.028817 0.299213 0.299213
0.000000 -nan 0.029024 0.299213 0.299213
0.000000 -nan 0.029231 0.299213 0.299213
0.000000 -nan 0.029437 0.299213 0.299213
0.000000 -nan 0.029644 0.299213 0.299213
0.000000 -nan 0.029850 0.299213 0.299213
0.000000 -nan 0.030057 0.299213 0.299213
0.000000 -nan 0.030264 0.299213 0.299213
0.000000 -nan 0.030470 0.299213 0.299213
0.000000 -nan 0.030677 0.299213 0.299213
0.000000 -nan 0.030883 0.299213 0.299213
0.000000 -nan 0.031090 0.299213 0.299213
0.000000 -nan 0.031296 0.299213 0.299213
0.000000 -nan 0.031503 0.299213 0.299213
0.000000 -nan 0.031710 0.299213 0.299213
0.000000 -nan 0.031916 0.299213 0.299213
0.000000 -nan 0.032123 0.299213 0.299213
0.000000 -nan 0.032329 0.299213 0.299213
0.000000 -nan 0.032536 0.299213 0.299213
0.000000 -nan 0.032742 0.299213 0.299213
0.000000 -nan 0.032949 0.299213 0.299213
0.000000 -nan 0.033156 0.299213 0.299213
0.000000 -nan 0.033362 0.299213 0.299213
0.000000 -nan 0.033569 0.299213 0.299213
0.000000 -nan 0.033775 0.299213 0.299213
0.000000 -nan 0.033982 0.299213 0.299213
0.000000 -nan 0.034188 0.299213 0.299213
0.000000 -nan 0.034395 0.299213 0.299213
0.000000 -nan 0.034602 0.299213 0.299213
0.000000 -nan 0.034808 0.299213 0.299213
0.000000 -nan 0.035015 0.299213 0.299213
0.000000 -nan 0.035221 0.299213 0.299213
0.000000 -nan 0.035428 0.299213 0.299213
0.000000 -nan 0.035635 0.299213 0.299213
0.000000 -nan 0.035841 0.299213 0.299213
0.000000 -nan 0.036048 0.299213 0.299213
0.000000 -nan 0.036254 0.299213 0.299213
0.000000 -nan 0.036461 0.299213 0.299213
0.000000 -nan 0.036667 0.299213 0.299213
0.000000 -nan 0.036874 0.299213 0.299213
0.000000 -nan 0.037081 0.299213 0.299213
0.000000 -nan 0.037287 0.299213 0.299213
0.000000 -nan 0.037494 0.299213 0.299213
0.000000 -nan 0.037700 0.299213 0.299213
0.000000 -nan 0.037907 0.299213 0.299213
0.000000 -nan 0.038113 0.299213 0.299213
0.000000 -nan 0.038320 0.299213 0.299213
0.000000 -nan 0.038527 0.299213 0.299213
0.000000 -nan 0.038733 0.299213 0.299213
0.000000 -nan 0.038940 0.299213 0.299213
0.000000 -nan 0.039146 0.299213 0.299213
0.000000 -nan 0.039353 0.299213 0.299213
0.000000 -nan 0.039559 0.299213 0.299213
0.000000 -nan 0.039766 0.299213 0.299213
0.000000 -nan 0.039973 0.299213 0.299213
0.000000 -nan 0.040179 0.299213 0.299213
0.000000 -nan 0.040386 0.299213 0.299213
0.000000 -nan 0.040592 0.299213 0.299213
0.000000 -nan 0.040799 0.299213 0.299213
0.000000 -nan 0.041006 0.299213 0.299213
0.000000 -nan 0.041212 0.299213 0.299213
0.000000 -nan 0.041419 0.299213 0.299213
0.000000 -nan 0.041625 0.299213 0.299213
0.000000 -nan 0.041832 0.299213 0.299213
0.000000 -nan 0.042038 0.299213 0.299213
0.000000 -nan 0.042245 0.299213 0.299213
0.000000 -nan 0.042452 0.299213 0.299213
0.000000 -nan 0.042658 0.299213 0.299213
0.000000 -nan 0.042865 0.299213 0.299213
0.000000 -nan 0.043071 0.299213 0.299213
0.000000 -nan 0.043278 0.299213 0.299213
0.000000 -nan 0.043484 0.299213 0.299213
0.000000 -nan 0.043691 0.299213 0.299213
0.000000 -nan 0.043898 0.299213 0.299213
0.000000 -nan 0.044104 0.299213 0.299213
0.000000 -nan 0.044311 0.299213 0.299213
0.000000 -nan 0.044517 0.299213 0.299213
0.000000 -nan 0.044724 0.299213 0.299213
0.000000 -nan 0.044930 0.299213 0.299213
0.000000 -nan 0.045137 0.299213 0.299213
0.000000 -nan 0.045344 0.299213 0.299213
0.000000 -nan 0.045550 0.299213 0.299213
0.000000 -nan 0.045757 0.299213 0.299213
0.000000 -nan 0.045963 0.299213 0.299213
0.000000 -nan 0.046170 0.299213 0.299213
0.000000 -nan 0.046377 0.299213 0.299213
0.000000 -nan 0.046583 0.299213 0.299213
0.000000 -nan 0.046790 0.299213 0.299213
0.000000 -nan 0.046996 0.299213 0.299213
0.000000 -nan 0.047203 0.299213 0.299213
0.000000 -nan 0.047409 0.299213 0.299213
0.000000 -nan 0.047616 0.299213 0.299213
0.000000 -nan 0.047823 0.299213 0.299213
0.000000 -nan 0.048029 0.299213 0.299213
0.000000 -nan 0.048236 0.299213 0.299213
0.000000 -nan 0.048442 0.299213 0.299213
0.000000 -nan 0.048649 0.299213 0.299213
0.000000 -nan 0.048855 0.299213 0.299213
0.000000 -nan 0.049062 0.299213 0.299213
0.000000 -nan 0.049269 0.299213 0.299213
0.000000 -nan 0.049475 0.299213 0.299213
0.000000 -nan 0.049682 0.299213 0.299213
0.000000 -nan 0.049888 0.299213 0.299213
0.000000 -nan 0.050095 0.299213 0.299213
0.000000 -nan 0.050301 0.299213 0.299213
0.000000 -nan 0.050508 0.299213 0.299213
0.000000 -nan 0.050715 0.299213 0.299213
0.000000 -nan 0.050921 0.299213 0.299213
0.000000 -nan 0.051128 0.299213 0.299213
0.000000 -nan 0.051334 0.299213 0.299213
0.000000 -nan 0.051541 0.299213 0.299213
