SoC E[V] Tiempo logChi logEle
0.000010 -0.166681 0.000103 -1.259843 0.299213
0.000000 -nan 0.000310 -1.259843 0.299213
0.000000 -nan 0.000516 -1.259843 0.299213
0.000000 -nan 0.000723 -1.259843 0.299213
0.000000 -nan 0.000930 -1.259843 0.299213
0.000000 -nan 0.001136 -1.259843 0.299213
0.000000 -nan 0.001343 -1.259843 0.299213
0.000000 -nan 0.001549 -1.259843 0.299213
0.000000 -nan 0.001756 -1.259843 0.299213
0.000000 -nan 0.001962 -1.259843 0.299213
0.000000 -nan 0.002169 -1.259843 0.299213
0.000000 -nan 0.002376 -1.259843 0.299213
0.000000 -nan 0.002582 -1.259843 0.299213
0.000000 -nan 0.002789 -1.259843 0.299213
0.000000 -nan 0.002995 -1.259843 0.299213
0.000000 -nan 0.003202 -1.259843 0.299213
0.000000 -nan 0.003409 -1.259843 0.299213
0.000000 -nan 0.003615 -1.259843 0.299213
0.000000 -nan 0.003822 -1.259843 0.299213
0.000000 -nan 0.004028 -1.259843 0.299213
0.000000 -nan 0.004235 -1.259843 0.299213
0.000000 -nan 0.004441 -1.259843 0.299213
0.000000 -nan 0.004648 -1.259843 0.299213
0.000000 -nan 0.004855 -1.259843 0.299213
0.000000 -nan 0.005061 -1.259843 0.299213
0.000000 -nan 0.005268 -1.259843 0.299213
0.000000 -nan 0.005474 -1.259843 0.299213
0.000000 -nan 0.005681 -1.259843 0.299213
0.000000 -nan 0.005887 -1.259843 0.299213
0.000000 -nan 0.006094 -1.259843 0.299213
0.000000 -nan 0.006301 -1.259843 0.299213
0.000000 -nan 0.006507 -1.259843 0.299213
0.000000 -nan 0.006714 -1.259843 0.299213
0.000000 -nan 0.006920 -1.259843 0.299213
0.000000 -nan 0.007127 -1.259843 0.299213
0.000000 -nan 0.007333 -1.259843 0.299213
0.000000 -nan 0.007540 -1.259843 0.299213
0.000000 -nan 0.007747 -1.259843 0.299213
0.000000 -nan 0.007953 -1.259843 0.299213
0.000000 -nan 0.008160 -1.259843 0.299213
0.000000 -nan 0.008366 -1.259843 0.299213
0.000000 -nan 0.008573 -1.259843 0.299213
0.000000 -nan 0.008780 -1.259843 0.299213
0.000000 -nan 0.008986 -1.259843 0.299213
0.000000 -nan 0.009193 -1.259843 0.299213
0.000000 -nan 0.009399 -1.259843 0.299213
0.000000 -nan 0.009606 -1.259843 0.299213
0.000000 -nan 0.009812 -1.259843 0.299213
0.000000 -nan 0.010019 -1.259843 0.299213
0.000000 -nan 0.010226 -1.259843 0.299213
0.000000 -nan 0.010432 -1.259843 0.299213
0.000000 -nan 0.010639 -1.259843 0.299213
0.000000 -nan 0.010845 -1.259843 0.299213
0.000000 -nan 0.011052 -1.259843 0.299213
0.000000 -nan 0.011258 -1.259843 0.299213
0.000000 -nan 0.011465 -1.259843 0.299213
0.000000 -nan 0.011672 -1.259843 0.299213
0.000000 -nan 0.011878 -1.259843 0.299213
0.000000 -nan 0.012085 -1.259843 0.299213
0.000000 -nan 0.012291 -1.259843 0.299213
0.000000 -nan 0.012498 -1.259843 0.299213
0.000000 -nan 0.012704 -1.259843 0.299213
0.000000 -nan 0.012911 -1.259843 0.299213
0.000000 -nan 0.013118 -1.259843 0.299213
0.000000 -nan 0.013324 -1.259843 0.299213
0.000000 -nan 0.013531 -1.259843 0.299213
0.000000 -nan 0.013737 -1.259843 0.299213
0.000000 -nan 0.013944 -1.259843 0.299213
0.000000 -nan 0.014151 -1.259843 0.299213
0.000000 -nan 0.014357 -1.259843 0.299213
0.000000 -nan 0.014564 -1.259843 0.299213
0.000000 -nan 0.014770 -1.259843 0.299213
0.000000 -nan 0.014977 -1.259843 0.299213
0.000000 -nan 0.015183 -1.259843 0.299213
0.000000 -nan 0.015390 -1.259843 0.299213
0.000000 -nan 0.015597 -1.259843 0.299213
0.000000 -nan 0.015803 -1.259843 0.299213
0.000000 -nan 0.016010 -1.259843 0.299213
0.000000 -nan 0.016216 -1.259843 0.299213
0.000000 -nan 0.016423 -1.259843 0.299213
0.000000 -nan 0.016629 -1.259843 0.299213
0.000000 -nan 0.016836 -1.259843 0.299213
0.000000 -nan 0.017043 -1.259843 0.299213
0.000000 -nan 0.017249 -1.259843 0.299213
0.000000 -nan 0.017456 -1.259843 0.299213
0.000000 -nan 0.017662 -1.259843 0.299213
0.000000 -nan 0.017869 -1.259843 0.299213
0.000000 -nan 0.018075 -1.259843 0.299213
0.000000 -nan 0.018282 -1.259843 0.299213
0.000000 -nan 0.018489 -1.259843 0.299213
0.000000 -nan 0.018695 -1.259843 0.299213
0.000000 -nan 0.018902 -1.259843 0.299213
0.000000 -nan 0.019108 -1.259843 0.299213
0.000000 -nan 0.019315 -1.259843 0.299213
0.000000 -nan 0.019522 -1.259843 0.299213
0.000000 -nan 0.019728 -1.259843 0.299213
0.000000 -nan 0.019935 -1.259843 0.299213
0.000000 -nan 0.020141 -1.259843 0.299213
0.000000 -nan 0.020348 -1.259843 0.299213
0.000000 -nan 0.020554 -1.259843 0.299213
0.000000 -nan 0.020761 -1.259843 0.299213
0.000000 -nan 0.020968 -1.259843 0.299213
0.000000 -nan 0.021174 -1.259843 0.299213
0.000000 -nan 0.021381 -1.259843 0.299213
0.000000 -nan 0.021587 -1.259843 0.299213
0.000000 -nan 0.021794 -1.259843 0.299213
0.000000 -nan 0.022000 -1.259843 0.299213
0.000000 -nan 0.022207 -1.259843 0.299213
0.000000 -nan 0.022414 -1.259843 0.299213
0.000000 -nan 0.022620 -1.259843 0.299213
0.000000 -nan 0.022827 -1.259843 0.299213
0.000000 -nan 0.023033 -1.259843 0.299213
0.000000 -nan 0.023240 -1.259843 0.299213
0.000000 -nan 0.023446 -1.259843 0.299213
0.000000 -nan 0.023653 -1.259843 0.299213
0.000000 -nan 0.023860 -1.259843 0.299213
0.000000 -nan 0.024066 -1.259843 0.299213
0.000000 -nan 0.024273 -1.259843 0.299213
0.000000 -nan 0.024479 -1.259843 0.299213
0.000000 -nan 0.024686 -1.259843 0.299213
0.000000 -nan 0.024893 -1.259843 0.299213
0.000000 -nan 0.025099 -1.259843 0.299213
0.000000 -nan 0.025306 -1.259843 0.299213
0.000000 -nan 0.025512 -1.259843 0.299213
0.000000 -nan 0.025719 -1.259843 0.299213
0.000000 -nan 0.025925 -1.259843 0.299213
0.000000 -nan 0.026132 -1.259843 0.299213
0.000000 -nan 0.026339 -1.259843 0.299213
0.000000 -nan 0.026545 -1.259843 0.299213
0.000000 -nan 0.026752 -1.259843 0.299213
0.000000 -nan 0.026958 -1.259843 0.299213
0.000000 -nan 0.027165 -1.259843 0.299213
0.000000 -nan 0.027371 -1.259843 0.299213
0.000000 -nan 0.027578 -1.259843 0.299213
0.000000 -nan 0.027785 -1.259843 0.299213
0.000000 -nan 0.027991 -1.259843 0.299213
0.000000 -nan 0.028198 -1.259843 0.299213
0.000000 -nan 0.028404 -1.259843 0.299213
0.000000 -nan 0.028611 -1.259843 0.299213
0.000000 -nan 0.028817 -1.259843 0.299213
0.000000 -nan 0.029024 -1.259843 0.299213
0.000000 -nan 0.029231 -1.259843 0.299213
0.000000 -nan 0.029437 -1.259843 0.299213
0.000000 -nan 0.029644 -1.259843 0.299213
0.000000 -nan 0.029850 -1.259843 0.299213
0.000000 -nan 0.030057 -1.259843 0.299213
0.000000 -nan 0.030264 -1.259843 0.299213
0.000000 -nan 0.030470 -1.259843 0.299213
0.000000 -nan 0.030677 -1.259843 0.299213
0.000000 -nan 0.030883 -1.259843 0.299213
0.000000 -nan 0.031090 -1.259843 0.299213
0.000000 -nan 0.031296 -1.259843 0.299213
0.000000 -nan 0.031503 -1.259843 0.299213
0.000000 -nan 0.031710 -1.259843 0.299213
0.000000 -nan 0.031916 -1.259843 0.299213
0.000000 -nan 0.032123 -1.259843 0.299213
0.000000 -nan 0.032329 -1.259843 0.299213
0.000000 -nan 0.032536 -1.259843 0.299213
0.000000 -nan 0.032742 -1.259843 0.299213
0.000000 -nan 0.032949 -1.259843 0.299213
0.000000 -nan 0.033156 -1.259843 0.299213
0.000000 -nan 0.033362 -1.259843 0.299213
0.000000 -nan 0.033569 -1.259843 0.299213
0.000000 -nan 0.033775 -1.259843 0.299213
0.000000 -nan 0.033982 -1.259843 0.299213
0.000000 -nan 0.034188 -1.259843 0.299213
0.000000 -nan 0.034395 -1.259843 0.299213
0.000000 -nan 0.034602 -1.259843 0.299213
0.000000 -nan 0.034808 -1.259843 0.299213
0.000000 -nan 0.035015 -1.259843 0.299213
0.000000 -nan 0.035221 -1.259843 0.299213
0.000000 -nan 0.035428 -1.259843 0.299213
0.000000 -nan 0.035635 -1.259843 0.299213
0.000000 -nan 0.035841 -1.259843 0.299213
0.000000 -nan 0.036048 -1.259843 0.299213
0.000000 -nan 0.036254 -1.259843 0.299213
0.000000 -nan 0.036461 -1.259843 0.299213
0.000000 -nan 0.036667 -1.259843 0.299213
0.000000 -nan 0.036874 -1.259843 0.299213
0.000000 -nan 0.037081 -1.259843 0.299213
0.000000 -nan 0.037287 -1.259843 0.299213
0.000000 -nan 0.037494 -1.259843 0.299213
0.000000 -nan 0.037700 -1.259843 0.299213
0.000000 -nan 0.037907 -1.259843 0.299213
0.000000 -nan 0.038113 -1.259843 0.299213
0.000000 -nan 0.038320 -1.259843 0.299213
0.000000 -nan 0.038527 -1.259843 0.299213
0.000000 -nan 0.038733 -1.259843 0.299213
0.000000 -nan 0.038940 -1.259843 0.299213
0.000000 -nan 0.039146 -1.259843 0.299213
0.000000 -nan 0.039353 -1.259843 0.299213
0.000000 -nan 0.039559 -1.259843 0.299213
0.000000 -nan 0.039766 -1.259843 0.299213
0.000000 -nan 0.039973 -1.259843 0.299213
0.000000 -nan 0.040179 -1.259843 0.299213
0.000000 -nan 0.040386 -1.259843 0.299213
0.000000 -nan 0.040592 -1.259843 0.299213
0.000000 -nan 0.040799 -1.259843 0.299213
0.000000 -nan 0.041006 -1.259843 0.299213
0.000000 -nan 0.041212 -1.259843 0.299213
0.000000 -nan 0.041419 -1.259843 0.299213
0.000000 -nan 0.041625 -1.259843 0.299213
0.000000 -nan 0.041832 -1.259843 0.299213
0.000000 -nan 0.042038 -1.259843 0.299213
0.000000 -nan 0.042245 -1.259843 0.299213
0.000000 -nan 0.042452 -1.259843 0.299213
0.000000 -nan 0.042658 -1.259843 0.299213
0.000000 -nan 0.042865 -1.259843 0.299213
0.000000 -nan 0.043071 -1.259843 0.299213
0.000000 -nan 0.043278 -1.259843 0.299213
0.000000 -nan 0.043484 -1.259843 0.299213
0.000000 -nan 0.043691 -1.259843 0.299213
0.000000 -nan 0.043898 -1.259843 0.299213
0.000000 -nan 0.044104 -1.259843 0.299213
0.000000 -nan 0.044311 -1.259843 0.299213
0.000000 -nan 0.044517 -1.259843 0.299213
0.000000 -nan 0.044724 -1.259843 0.299213
0.000000 -nan 0.044930 -1.259843 0.299213
0.000000 -nan 0.045137 -1.259843 0.299213
0.000000 -nan 0.045344 -1.259843 0.299213
0.000000 -nan 0.045550 -1.259843 0.299213
0.000000 -nan 0.045757 -1.259843 0.299213
0.000000 -nan 0.045963 -1.259843 0.299213
0.000000 -nan 0.046170 -1.259843 0.299213
0.000000 -nan 0.046377 -1.259843 0.299213
0.000000 -nan 0.046583 -1.259843 0.299213
0.000000 -nan 0.046790 -1.259843 0.299213
0.000000 -nan 0.046996 -1.259843 0.299213
0.000000 -nan 0.047203 -1.259843 0.299213
0.000000 -nan 0.047409 -1.259843 0.299213
0.000000 -nan 0.047616 -1.259843 0.299213
0.000000 -nan 0.047823 -1.259843 0.299213
0.000000 -nan 0.048029 -1.259843 0.299213
0.000000 -nan 0.048236 -1.259843 0.299213
0.000000 -nan 0.048442 -1.259843 0.299213
0.000000 -nan 0.048649 -1.259843 0.299213
0.000000 -nan 0.048855 -1.259843 0.299213
0.000000 -nan 0.049062 -1.259843 0.299213
0.000000 -nan 0.049269 -1.259843 0.299213
0.000000 -nan 0.049475 -1.259843 0.299213
0.000000 -nan 0.049682 -1.259843 0.299213
0.000000 -nan 0.049888 -1.259843 0.299213
0.000000 -nan 0.050095 -1.259843 0.299213
0.000000 -nan 0.050301 -1.259843 0.299213
0.000000 -nan 0.050508 -1.259843 0.299213
0.000000 -nan 0.050715 -1.259843 0.299213
0.000000 -nan 0.050921 -1.259843 0.299213
0.000000 -nan 0.051128 -1.259843 0.299213
0.000000 -nan 0.051334 -1.259843 0.299213
0.000000 -nan 0.051541 -1.259843 0.299213
