SoC E[V] Tiempo logChi logEle
0.003763 0.045725 0.000054 1.244094 0.582677
0.007304 0.036579 0.000161 1.244094 0.582677
0.010753 0.030243 0.000269 1.244094 0.582677
0.014621 0.023906 0.000376 1.244094 0.582677
0.018297 0.021113 0.000484 1.244094 0.582677
0.022117 0.016435 0.000592 1.244094 0.582677
0.025670 0.015737 0.000699 1.244094 0.582677
0.029377 0.011693 0.000807 1.244094 0.582677
0.033950 0.006575 0.000914 1.244094 0.582677
0.037639 0.006227 0.001022 1.244094 0.582677
0.042061 0.001635 0.001129 1.244094 0.582677
0.046731 -0.002030 0.001237 1.244094 0.582677
0.051348 -0.005278 0.001344 1.244094 0.582677
0.055610 -0.006426 0.001452 1.244094 0.582677
0.059572 -0.007855 0.001559 1.244094 0.582677
0.063928 -0.011321 0.001667 1.244094 0.582677
0.068202 -0.011725 0.001775 1.244094 0.582677
0.072279 -0.014827 0.001882 1.244094 0.582677
0.076613 -0.016977 0.001990 1.244094 0.582677
0.080849 -0.018163 0.002097 1.244094 0.582677
0.085385 -0.020816 0.002205 1.244094 0.582677
0.089086 -0.020308 0.002312 1.244094 0.582677
0.092796 -0.021216 0.002420 1.244094 0.582677
0.095869 -0.019393 0.002527 1.244094 0.582677
0.099066 -0.021580 0.002635 1.244094 0.582677
0.104629 -0.028249 0.002743 1.244094 0.582677
0.109104 -0.028220 0.002850 1.244094 0.582677
0.112252 -0.027335 0.002958 1.244094 0.582677
0.115594 -0.028086 0.003065 1.244094 0.582677
0.119341 -0.029623 0.003173 1.244094 0.582677
0.122421 -0.028497 0.003280 1.244094 0.582677
0.126358 -0.031828 0.003388 1.244094 0.582677
0.130067 -0.033136 0.003495 1.244094 0.582677
0.133837 -0.035032 0.003603 1.244094 0.582677
0.138184 -0.039730 0.003711 1.244094 0.582677
0.142750 -0.044506 0.003818 1.244094 0.582677
0.146749 -0.047086 0.003926 1.244094 0.582677
0.151198 -0.049912 0.004033 1.244094 0.582677
0.155010 -0.048957 0.004141 1.244094 0.582677
0.158649 -0.052270 0.004248 1.244094 0.582677
0.162460 -0.053454 0.004356 1.244094 0.582677
0.166425 -0.054679 0.004463 1.244094 0.582677
0.170042 -0.056075 0.004571 1.244094 0.582677
0.173799 -0.059564 0.004678 1.244094 0.582677
0.177613 -0.061399 0.004786 1.244094 0.582677
0.180949 -0.062317 0.004894 1.244094 0.582677
0.184488 -0.061519 0.005001 1.244094 0.582677
0.188098 -0.066375 0.005109 1.244094 0.582677
0.191770 -0.069214 0.005216 1.244094 0.582677
0.195534 -0.068631 0.005324 1.244094 0.582677
0.199468 -0.075107 0.005431 1.244094 0.582677
0.202950 -0.078890 0.005539 1.244094 0.582677
0.206294 -0.075896 0.005646 1.244094 0.582677
0.209602 -0.079276 0.005754 1.244094 0.582677
0.213421 -0.092826 0.005862 1.244094 0.582677
0.217445 -0.108502 0.005969 1.244094 0.582677
0.221140 -0.119499 0.006077 1.244094 0.582677
0.224872 -0.118055 0.006184 1.244094 0.582677
0.227525 -0.117601 0.006292 1.244094 0.582677
0.000000 -nan 0.006399 1.244094 0.582677
0.000000 -nan 0.006507 1.244094 0.582677
0.000000 -nan 0.006614 1.244094 0.582677
0.000000 -nan 0.006722 1.244094 0.582677
0.000000 -nan 0.006830 1.244094 0.582677
0.000000 -nan 0.006937 1.244094 0.582677
0.000000 -nan 0.007045 1.244094 0.582677
0.000000 -nan 0.007152 1.244094 0.582677
0.000000 -nan 0.007260 1.244094 0.582677
0.000000 -nan 0.007367 1.244094 0.582677
0.000000 -nan 0.007475 1.244094 0.582677
0.000000 -nan 0.007582 1.244094 0.582677
0.000000 -nan 0.007690 1.244094 0.582677
0.000000 -nan 0.007797 1.244094 0.582677
0.000000 -nan 0.007905 1.244094 0.582677
0.000000 -nan 0.008013 1.244094 0.582677
0.000000 -nan 0.008120 1.244094 0.582677
0.000000 -nan 0.008228 1.244094 0.582677
0.000000 -nan 0.008335 1.244094 0.582677
0.000000 -nan 0.008443 1.244094 0.582677
0.000000 -nan 0.008550 1.244094 0.582677
0.000000 -nan 0.008658 1.244094 0.582677
0.000000 -nan 0.008765 1.244094 0.582677
0.000000 -nan 0.008873 1.244094 0.582677
0.000000 -nan 0.008981 1.244094 0.582677
0.000000 -nan 0.009088 1.244094 0.582677
0.000000 -nan 0.009196 1.244094 0.582677
0.000000 -nan 0.009303 1.244094 0.582677
0.000000 -nan 0.009411 1.244094 0.582677
0.000000 -nan 0.009518 1.244094 0.582677
0.000000 -nan 0.009626 1.244094 0.582677
0.000000 -nan 0.009733 1.244094 0.582677
0.000000 -nan 0.009841 1.244094 0.582677
0.000000 -nan 0.009949 1.244094 0.582677
0.000000 -nan 0.010056 1.244094 0.582677
0.000000 -nan 0.010164 1.244094 0.582677
0.000000 -nan 0.010271 1.244094 0.582677
0.000000 -nan 0.010379 1.244094 0.582677
0.000000 -nan 0.010486 1.244094 0.582677
0.000000 -nan 0.010594 1.244094 0.582677
0.000000 -nan 0.010701 1.244094 0.582677
0.000000 -nan 0.010809 1.244094 0.582677
0.000000 -nan 0.010916 1.244094 0.582677
0.000000 -nan 0.011024 1.244094 0.582677
0.000000 -nan 0.011132 1.244094 0.582677
0.000000 -nan 0.011239 1.244094 0.582677
0.000000 -nan 0.011347 1.244094 0.582677
0.000000 -nan 0.011454 1.244094 0.582677
0.000000 -nan 0.011562 1.244094 0.582677
0.000000 -nan 0.011669 1.244094 0.582677
0.000000 -nan 0.011777 1.244094 0.582677
0.000000 -nan 0.011884 1.244094 0.582677
0.000000 -nan 0.011992 1.244094 0.582677
0.000000 -nan 0.012100 1.244094 0.582677
0.000000 -nan 0.012207 1.244094 0.582677
0.000000 -nan 0.012315 1.244094 0.582677
0.000000 -nan 0.012422 1.244094 0.582677
0.000000 -nan 0.012530 1.244094 0.582677
0.000000 -nan 0.012637 1.244094 0.582677
0.000000 -nan 0.012745 1.244094 0.582677
0.000000 -nan 0.012852 1.244094 0.582677
0.000000 -nan 0.012960 1.244094 0.582677
0.000000 -nan 0.013068 1.244094 0.582677
0.000000 -nan 0.013175 1.244094 0.582677
0.000000 -nan 0.013283 1.244094 0.582677
0.000000 -nan 0.013390 1.244094 0.582677
0.000000 -nan 0.013498 1.244094 0.582677
0.000000 -nan 0.013605 1.244094 0.582677
0.000000 -nan 0.013713 1.244094 0.582677
0.000000 -nan 0.013820 1.244094 0.582677
0.000000 -nan 0.013928 1.244094 0.582677
0.000000 -nan 0.014035 1.244094 0.582677
0.000000 -nan 0.014143 1.244094 0.582677
0.000000 -nan 0.014251 1.244094 0.582677
0.000000 -nan 0.014358 1.244094 0.582677
0.000000 -nan 0.014466 1.244094 0.582677
0.000000 -nan 0.014573 1.244094 0.582677
0.000000 -nan 0.014681 1.244094 0.582677
0.000000 -nan 0.014788 1.244094 0.582677
0.000000 -nan 0.014896 1.244094 0.582677
0.000000 -nan 0.015003 1.244094 0.582677
0.000000 -nan 0.015111 1.244094 0.582677
0.000000 -nan 0.015219 1.244094 0.582677
0.000000 -nan 0.015326 1.244094 0.582677
0.000000 -nan 0.015434 1.244094 0.582677
0.000000 -nan 0.015541 1.244094 0.582677
0.000000 -nan 0.015649 1.244094 0.582677
0.000000 -nan 0.015756 1.244094 0.582677
0.000000 -nan 0.015864 1.244094 0.582677
0.000000 -nan 0.015971 1.244094 0.582677
0.000000 -nan 0.016079 1.244094 0.582677
0.000000 -nan 0.016187 1.244094 0.582677
0.000000 -nan 0.016294 1.244094 0.582677
0.000000 -nan 0.016402 1.244094 0.582677
0.000000 -nan 0.016509 1.244094 0.582677
0.000000 -nan 0.016617 1.244094 0.582677
0.000000 -nan 0.016724 1.244094 0.582677
0.000000 -nan 0.016832 1.244094 0.582677
0.000000 -nan 0.016939 1.244094 0.582677
0.000000 -nan 0.017047 1.244094 0.582677
0.000000 -nan 0.017154 1.244094 0.582677
0.000000 -nan 0.017262 1.244094 0.582677
0.000000 -nan 0.017370 1.244094 0.582677
0.000000 -nan 0.017477 1.244094 0.582677
0.000000 -nan 0.017585 1.244094 0.582677
0.000000 -nan 0.017692 1.244094 0.582677
0.000000 -nan 0.017800 1.244094 0.582677
0.000000 -nan 0.017907 1.244094 0.582677
0.000000 -nan 0.018015 1.244094 0.582677
0.000000 -nan 0.018122 1.244094 0.582677
0.000000 -nan 0.018230 1.244094 0.582677
0.000000 -nan 0.018338 1.244094 0.582677
0.000000 -nan 0.018445 1.244094 0.582677
0.000000 -nan 0.018553 1.244094 0.582677
0.000000 -nan 0.018660 1.244094 0.582677
0.000000 -nan 0.018768 1.244094 0.582677
0.000000 -nan 0.018875 1.244094 0.582677
0.000000 -nan 0.018983 1.244094 0.582677
0.000000 -nan 0.019090 1.244094 0.582677
0.000000 -nan 0.019198 1.244094 0.582677
0.000000 -nan 0.019306 1.244094 0.582677
0.000000 -nan 0.019413 1.244094 0.582677
0.000000 -nan 0.019521 1.244094 0.582677
0.000000 -nan 0.019628 1.244094 0.582677
0.000000 -nan 0.019736 1.244094 0.582677
0.000000 -nan 0.019843 1.244094 0.582677
0.000000 -nan 0.019951 1.244094 0.582677
0.000000 -nan 0.020058 1.244094 0.582677
0.000000 -nan 0.020166 1.244094 0.582677
0.000000 -nan 0.020273 1.244094 0.582677
0.000000 -nan 0.020381 1.244094 0.582677
0.000000 -nan 0.020489 1.244094 0.582677
0.000000 -nan 0.020596 1.244094 0.582677
0.000000 -nan 0.020704 1.244094 0.582677
0.000000 -nan 0.020811 1.244094 0.582677
0.000000 -nan 0.020919 1.244094 0.582677
0.000000 -nan 0.021026 1.244094 0.582677
0.000000 -nan 0.021134 1.244094 0.582677
0.000000 -nan 0.021241 1.244094 0.582677
0.000000 -nan 0.021349 1.244094 0.582677
0.000000 -nan 0.021457 1.244094 0.582677
0.000000 -nan 0.021564 1.244094 0.582677
0.000000 -nan 0.021672 1.244094 0.582677
0.000000 -nan 0.021779 1.244094 0.582677
0.000000 -nan 0.021887 1.244094 0.582677
0.000000 -nan 0.021994 1.244094 0.582677
0.000000 -nan 0.022102 1.244094 0.582677
0.000000 -nan 0.022209 1.244094 0.582677
0.000000 -nan 0.022317 1.244094 0.582677
0.000000 -nan 0.022425 1.244094 0.582677
0.000000 -nan 0.022532 1.244094 0.582677
0.000000 -nan 0.022640 1.244094 0.582677
0.000000 -nan 0.022747 1.244094 0.582677
0.000000 -nan 0.022855 1.244094 0.582677
0.000000 -nan 0.022962 1.244094 0.582677
0.000000 -nan 0.023070 1.244094 0.582677
0.000000 -nan 0.023177 1.244094 0.582677
0.000000 -nan 0.023285 1.244094 0.582677
0.000000 -nan 0.023392 1.244094 0.582677
0.000000 -nan 0.023500 1.244094 0.582677
0.000000 -nan 0.023608 1.244094 0.582677
0.000000 -nan 0.023715 1.244094 0.582677
0.000000 -nan 0.023823 1.244094 0.582677
0.000000 -nan 0.023930 1.244094 0.582677
0.000000 -nan 0.024038 1.244094 0.582677
0.000000 -nan 0.024145 1.244094 0.582677
0.000000 -nan 0.024253 1.244094 0.582677
0.000000 -nan 0.024360 1.244094 0.582677
0.000000 -nan 0.024468 1.244094 0.582677
0.000000 -nan 0.024576 1.244094 0.582677
0.000000 -nan 0.024683 1.244094 0.582677
0.000000 -nan 0.024791 1.244094 0.582677
0.000000 -nan 0.024898 1.244094 0.582677
0.000000 -nan 0.025006 1.244094 0.582677
0.000000 -nan 0.025113 1.244094 0.582677
0.000000 -nan 0.025221 1.244094 0.582677
0.000000 -nan 0.025328 1.244094 0.582677
0.000000 -nan 0.025436 1.244094 0.582677
0.000000 -nan 0.025544 1.244094 0.582677
0.000000 -nan 0.025651 1.244094 0.582677
0.000000 -nan 0.025759 1.244094 0.582677
0.000000 -nan 0.025866 1.244094 0.582677
0.000000 -nan 0.025974 1.244094 0.582677
0.000000 -nan 0.026081 1.244094 0.582677
0.000000 -nan 0.026189 1.244094 0.582677
0.000000 -nan 0.026296 1.244094 0.582677
0.000000 -nan 0.026404 1.244094 0.582677
0.000000 -nan 0.026511 1.244094 0.582677
0.000000 -nan 0.026619 1.244094 0.582677
0.000000 -nan 0.026727 1.244094 0.582677
0.000000 -nan 0.026834 1.244094 0.582677
