SoC E[V] Tiempo logChi logEle
0.001562 -0.078947 0.000221 -0.692913 -0.031496
0.004933 -0.077817 0.000664 -0.692913 -0.031496
0.008796 -0.076786 0.001106 -0.692913 -0.031496
0.012784 -0.076209 0.001548 -0.692913 -0.031496
0.016728 -0.075820 0.001991 -0.692913 -0.031496
0.020608 -0.075314 0.002433 -0.692913 -0.031496
0.024543 -0.075166 0.002875 -0.692913 -0.031496
0.028831 -0.074670 0.003318 -0.692913 -0.031496
0.033129 -0.074349 0.003760 -0.692913 -0.031496
0.037421 -0.074073 0.004203 -0.692913 -0.031496
0.041265 -0.074033 0.004645 -0.692913 -0.031496
0.045043 -0.073551 0.005087 -0.692913 -0.031496
0.048859 -0.073423 0.005530 -0.692913 -0.031496
0.052281 -0.073284 0.005972 -0.692913 -0.031496
0.056255 -0.073417 0.006414 -0.692913 -0.031496
0.060299 -0.072943 0.006857 -0.692913 -0.031496
0.064238 -0.072769 0.007299 -0.692913 -0.031496
0.068188 -0.072882 0.007742 -0.692913 -0.031496
0.071849 -0.073059 0.008184 -0.692913 -0.031496
0.075840 -0.072749 0.008626 -0.692913 -0.031496
0.079755 -0.072864 0.009069 -0.692913 -0.031496
0.083728 -0.072257 0.009511 -0.692913 -0.031496
0.087710 -0.072921 0.009953 -0.692913 -0.031496
0.091726 -0.072624 0.010396 -0.692913 -0.031496
0.095452 -0.072734 0.010838 -0.692913 -0.031496
0.099811 -0.072411 0.011281 -0.692913 -0.031496
0.104050 -0.072786 0.011723 -0.692913 -0.031496
0.108063 -0.073360 0.012165 -0.692913 -0.031496
0.111871 -0.072993 0.012608 -0.692913 -0.031496
0.115983 -0.073108 0.013050 -0.692913 -0.031496
0.120024 -0.073160 0.013492 -0.692913 -0.031496
0.123678 -0.073179 0.013935 -0.692913 -0.031496
0.127475 -0.073736 0.014377 -0.692913 -0.031496
0.131512 -0.073750 0.014820 -0.692913 -0.031496
0.135845 -0.074067 0.015262 -0.692913 -0.031496
0.139973 -0.075655 0.015704 -0.692913 -0.031496
0.143782 -0.074860 0.016147 -0.692913 -0.031496
0.147950 -0.073687 0.016589 -0.692913 -0.031496
0.151796 -0.074227 0.017031 -0.692913 -0.031496
0.155447 -0.074252 0.017474 -0.692913 -0.031496
0.159198 -0.074553 0.017916 -0.692913 -0.031496
0.163110 -0.073766 0.018359 -0.692913 -0.031496
0.167097 -0.075411 0.018801 -0.692913 -0.031496
0.171257 -0.075277 0.019243 -0.692913 -0.031496
0.175215 -0.076467 0.019686 -0.692913 -0.031496
0.179498 -0.077347 0.020128 -0.692913 -0.031496
0.183386 -0.076431 0.020570 -0.692913 -0.031496
0.187309 -0.078403 0.021013 -0.692913 -0.031496
0.191401 -0.079132 0.021455 -0.692913 -0.031496
0.195614 -0.079359 0.021898 -0.692913 -0.031496
0.199688 -0.079370 0.022340 -0.692913 -0.031496
0.204044 -0.080715 0.022782 -0.692913 -0.031496
0.208502 -0.082880 0.023225 -0.692913 -0.031496
0.212631 -0.085536 0.023667 -0.692913 -0.031496
0.216105 -0.084459 0.024109 -0.692913 -0.031496
0.220337 -0.087247 0.024552 -0.692913 -0.031496
0.224579 -0.089275 0.024994 -0.692913 -0.031496
0.228862 -0.088399 0.025437 -0.692913 -0.031496
0.232611 -0.090515 0.025879 -0.692913 -0.031496
0.236439 -0.091618 0.026321 -0.692913 -0.031496
0.240303 -0.094695 0.026764 -0.692913 -0.031496
0.244267 -0.091645 0.027206 -0.692913 -0.031496
0.248101 -0.092709 0.027648 -0.692913 -0.031496
0.252045 -0.093414 0.028091 -0.692913 -0.031496
0.256031 -0.097894 0.028533 -0.692913 -0.031496
0.259850 -0.095265 0.028976 -0.692913 -0.031496
0.263737 -0.095609 0.029418 -0.692913 -0.031496
0.267795 -0.098363 0.029860 -0.692913 -0.031496
0.272109 -0.102807 0.030303 -0.692913 -0.031496
0.275961 -0.101787 0.030745 -0.692913 -0.031496
0.279754 -0.100372 0.031187 -0.692913 -0.031496
0.283577 -0.103735 0.031630 -0.692913 -0.031496
0.287330 -0.105842 0.032072 -0.692913 -0.031496
0.291044 -0.099668 0.032515 -0.692913 -0.031496
0.294654 -0.104164 0.032957 -0.692913 -0.031496
0.298591 -0.109086 0.033399 -0.692913 -0.031496
0.302428 -0.109933 0.033842 -0.692913 -0.031496
0.306115 -0.113381 0.034284 -0.692913 -0.031496
0.310208 -0.116497 0.034726 -0.692913 -0.031496
0.314483 -0.118364 0.035169 -0.692913 -0.031496
0.318781 -0.123550 0.035611 -0.692913 -0.031496
0.322981 -0.125212 0.036054 -0.692913 -0.031496
0.326732 -0.123254 0.036496 -0.692913 -0.031496
0.330505 -0.130070 0.036938 -0.692913 -0.031496
0.332974 -0.132617 0.037381 -0.692913 -0.031496
0.000000 -nan 0.037823 -0.692913 -0.031496
0.000000 -nan 0.038265 -0.692913 -0.031496
0.000000 -nan 0.038708 -0.692913 -0.031496
0.000000 -nan 0.039150 -0.692913 -0.031496
0.000000 -nan 0.039593 -0.692913 -0.031496
0.000000 -nan 0.040035 -0.692913 -0.031496
0.000000 -nan 0.040477 -0.692913 -0.031496
0.000000 -nan 0.040920 -0.692913 -0.031496
0.000000 -nan 0.041362 -0.692913 -0.031496
0.000000 -nan 0.041804 -0.692913 -0.031496
0.000000 -nan 0.042247 -0.692913 -0.031496
0.000000 -nan 0.042689 -0.692913 -0.031496
0.000000 -nan 0.043132 -0.692913 -0.031496
0.000000 -nan 0.043574 -0.692913 -0.031496
0.000000 -nan 0.044016 -0.692913 -0.031496
0.000000 -nan 0.044459 -0.692913 -0.031496
0.000000 -nan 0.044901 -0.692913 -0.031496
0.000000 -nan 0.045343 -0.692913 -0.031496
0.000000 -nan 0.045786 -0.692913 -0.031496
0.000000 -nan 0.046228 -0.692913 -0.031496
0.000000 -nan 0.046671 -0.692913 -0.031496
0.000000 -nan 0.047113 -0.692913 -0.031496
0.000000 -nan 0.047555 -0.692913 -0.031496
0.000000 -nan 0.047998 -0.692913 -0.031496
0.000000 -nan 0.048440 -0.692913 -0.031496
0.000000 -nan 0.048882 -0.692913 -0.031496
0.000000 -nan 0.049325 -0.692913 -0.031496
0.000000 -nan 0.049767 -0.692913 -0.031496
0.000000 -nan 0.050210 -0.692913 -0.031496
0.000000 -nan 0.050652 -0.692913 -0.031496
0.000000 -nan 0.051094 -0.692913 -0.031496
0.000000 -nan 0.051537 -0.692913 -0.031496
0.000000 -nan 0.051979 -0.692913 -0.031496
0.000000 -nan 0.052421 -0.692913 -0.031496
0.000000 -nan 0.052864 -0.692913 -0.031496
0.000000 -nan 0.053306 -0.692913 -0.031496
0.000000 -nan 0.053749 -0.692913 -0.031496
0.000000 -nan 0.054191 -0.692913 -0.031496
0.000000 -nan 0.054633 -0.692913 -0.031496
0.000000 -nan 0.055076 -0.692913 -0.031496
0.000000 -nan 0.055518 -0.692913 -0.031496
0.000000 -nan 0.055960 -0.692913 -0.031496
0.000000 -nan 0.056403 -0.692913 -0.031496
0.000000 -nan 0.056845 -0.692913 -0.031496
0.000000 -nan 0.057288 -0.692913 -0.031496
0.000000 -nan 0.057730 -0.692913 -0.031496
0.000000 -nan 0.058172 -0.692913 -0.031496
0.000000 -nan 0.058615 -0.692913 -0.031496
0.000000 -nan 0.059057 -0.692913 -0.031496
0.000000 -nan 0.059499 -0.692913 -0.031496
0.000000 -nan 0.059942 -0.692913 -0.031496
0.000000 -nan 0.060384 -0.692913 -0.031496
0.000000 -nan 0.060827 -0.692913 -0.031496
0.000000 -nan 0.061269 -0.692913 -0.031496
0.000000 -nan 0.061711 -0.692913 -0.031496
0.000000 -nan 0.062154 -0.692913 -0.031496
0.000000 -nan 0.062596 -0.692913 -0.031496
0.000000 -nan 0.063038 -0.692913 -0.031496
0.000000 -nan 0.063481 -0.692913 -0.031496
0.000000 -nan 0.063923 -0.692913 -0.031496
0.000000 -nan 0.064366 -0.692913 -0.031496
0.000000 -nan 0.064808 -0.692913 -0.031496
0.000000 -nan 0.065250 -0.692913 -0.031496
0.000000 -nan 0.065693 -0.692913 -0.031496
0.000000 -nan 0.066135 -0.692913 -0.031496
0.000000 -nan 0.066577 -0.692913 -0.031496
0.000000 -nan 0.067020 -0.692913 -0.031496
0.000000 -nan 0.067462 -0.692913 -0.031496
0.000000 -nan 0.067905 -0.692913 -0.031496
0.000000 -nan 0.068347 -0.692913 -0.031496
0.000000 -nan 0.068789 -0.692913 -0.031496
0.000000 -nan 0.069232 -0.692913 -0.031496
0.000000 -nan 0.069674 -0.692913 -0.031496
0.000000 -nan 0.070116 -0.692913 -0.031496
0.000000 -nan 0.070559 -0.692913 -0.031496
0.000000 -nan 0.071001 -0.692913 -0.031496
0.000000 -nan 0.071444 -0.692913 -0.031496
0.000000 -nan 0.071886 -0.692913 -0.031496
0.000000 -nan 0.072328 -0.692913 -0.031496
0.000000 -nan 0.072771 -0.692913 -0.031496
0.000000 -nan 0.073213 -0.692913 -0.031496
0.000000 -nan 0.073655 -0.692913 -0.031496
0.000000 -nan 0.074098 -0.692913 -0.031496
0.000000 -nan 0.074540 -0.692913 -0.031496
0.000000 -nan 0.074983 -0.692913 -0.031496
0.000000 -nan 0.075425 -0.692913 -0.031496
0.000000 -nan 0.075867 -0.692913 -0.031496
0.000000 -nan 0.076310 -0.692913 -0.031496
0.000000 -nan 0.076752 -0.692913 -0.031496
0.000000 -nan 0.077194 -0.692913 -0.031496
0.000000 -nan 0.077637 -0.692913 -0.031496
0.000000 -nan 0.078079 -0.692913 -0.031496
0.000000 -nan 0.078522 -0.692913 -0.031496
0.000000 -nan 0.078964 -0.692913 -0.031496
0.000000 -nan 0.079406 -0.692913 -0.031496
0.000000 -nan 0.079849 -0.692913 -0.031496
0.000000 -nan 0.080291 -0.692913 -0.031496
0.000000 -nan 0.080733 -0.692913 -0.031496
0.000000 -nan 0.081176 -0.692913 -0.031496
0.000000 -nan 0.081618 -0.692913 -0.031496
0.000000 -nan 0.082061 -0.692913 -0.031496
0.000000 -nan 0.082503 -0.692913 -0.031496
0.000000 -nan 0.082945 -0.692913 -0.031496
0.000000 -nan 0.083388 -0.692913 -0.031496
0.000000 -nan 0.083830 -0.692913 -0.031496
0.000000 -nan 0.084272 -0.692913 -0.031496
0.000000 -nan 0.084715 -0.692913 -0.031496
0.000000 -nan 0.085157 -0.692913 -0.031496
0.000000 -nan 0.085600 -0.692913 -0.031496
0.000000 -nan 0.086042 -0.692913 -0.031496
0.000000 -nan 0.086484 -0.692913 -0.031496
0.000000 -nan 0.086927 -0.692913 -0.031496
0.000000 -nan 0.087369 -0.692913 -0.031496
0.000000 -nan 0.087811 -0.692913 -0.031496
0.000000 -nan 0.088254 -0.692913 -0.031496
0.000000 -nan 0.088696 -0.692913 -0.031496
0.000000 -nan 0.089139 -0.692913 -0.031496
0.000000 -nan 0.089581 -0.692913 -0.031496
0.000000 -nan 0.090023 -0.692913 -0.031496
0.000000 -nan 0.090466 -0.692913 -0.031496
0.000000 -nan 0.090908 -0.692913 -0.031496
0.000000 -nan 0.091350 -0.692913 -0.031496
0.000000 -nan 0.091793 -0.692913 -0.031496
0.000000 -nan 0.092235 -0.692913 -0.031496
0.000000 -nan 0.092678 -0.692913 -0.031496
0.000000 -nan 0.093120 -0.692913 -0.031496
0.000000 -nan 0.093562 -0.692913 -0.031496
0.000000 -nan 0.094005 -0.692913 -0.031496
0.000000 -nan 0.094447 -0.692913 -0.031496
0.000000 -nan 0.094889 -0.692913 -0.031496
0.000000 -nan 0.095332 -0.692913 -0.031496
0.000000 -nan 0.095774 -0.692913 -0.031496
0.000000 -nan 0.096217 -0.692913 -0.031496
0.000000 -nan 0.096659 -0.692913 -0.031496
0.000000 -nan 0.097101 -0.692913 -0.031496
0.000000 -nan 0.097544 -0.692913 -0.031496
0.000000 -nan 0.097986 -0.692913 -0.031496
0.000000 -nan 0.098428 -0.692913 -0.031496
0.000000 -nan 0.098871 -0.692913 -0.031496
0.000000 -nan 0.099313 -0.692913 -0.031496
0.000000 -nan 0.099756 -0.692913 -0.031496
0.000000 -nan 0.100198 -0.692913 -0.031496
0.000000 -nan 0.100640 -0.692913 -0.031496
0.000000 -nan 0.101083 -0.692913 -0.031496
0.000000 -nan 0.101525 -0.692913 -0.031496
0.000000 -nan 0.101967 -0.692913 -0.031496
0.000000 -nan 0.102410 -0.692913 -0.031496
0.000000 -nan 0.102852 -0.692913 -0.031496
0.000000 -nan 0.103295 -0.692913 -0.031496
0.000000 -nan 0.103737 -0.692913 -0.031496
0.000000 -nan 0.104179 -0.692913 -0.031496
0.000000 -nan 0.104622 -0.692913 -0.031496
0.000000 -nan 0.105064 -0.692913 -0.031496
0.000000 -nan 0.105506 -0.692913 -0.031496
0.000000 -nan 0.105949 -0.692913 -0.031496
0.000000 -nan 0.106391 -0.692913 -0.031496
0.000000 -nan 0.106834 -0.692913 -0.031496
0.000000 -nan 0.107276 -0.692913 -0.031496
0.000000 -nan 0.107718 -0.692913 -0.031496
0.000000 -nan 0.108161 -0.692913 -0.031496
0.000000 -nan 0.108603 -0.692913 -0.031496
0.000000 -nan 0.109045 -0.692913 -0.031496
0.000000 -nan 0.109488 -0.692913 -0.031496
0.000000 -nan 0.109930 -0.692913 -0.031496
0.000000 -nan 0.110373 -0.692913 -0.031496
