SoC E[V] Tiempo logChi logEle
0.004194 0.062387 0.000221 0.866142 -0.031496
0.008672 0.056918 0.000664 0.866142 -0.031496
0.012652 0.053280 0.001106 0.866142 -0.031496
0.016703 0.052833 0.001548 0.866142 -0.031496
0.020348 0.050878 0.001991 0.866142 -0.031496
0.024367 0.050092 0.002433 0.866142 -0.031496
0.027918 0.049575 0.002875 0.866142 -0.031496
0.031627 0.047571 0.003318 0.866142 -0.031496
0.035746 0.046480 0.003760 0.866142 -0.031496
0.039890 0.046428 0.004203 0.866142 -0.031496
0.043108 0.046469 0.004645 0.866142 -0.031496
0.046899 0.045830 0.005087 0.866142 -0.031496
0.051192 0.044673 0.005530 0.866142 -0.031496
0.054381 0.044636 0.005972 0.866142 -0.031496
0.057410 0.044495 0.006414 0.866142 -0.031496
0.060202 0.045270 0.006857 0.866142 -0.031496
0.063120 0.044890 0.007299 0.866142 -0.031496
0.067237 0.044147 0.007742 0.866142 -0.031496
0.071833 0.042343 0.008184 0.866142 -0.031496
0.076652 0.042629 0.008626 0.866142 -0.031496
0.080682 0.042881 0.009069 0.866142 -0.031496
0.085441 0.041827 0.009511 0.866142 -0.031496
0.090728 0.040317 0.009953 0.866142 -0.031496
0.095936 0.041059 0.010396 0.866142 -0.031496
0.100447 0.040724 0.010838 0.866142 -0.031496
0.104283 0.041382 0.011281 0.866142 -0.031496
0.108243 0.039535 0.011723 0.866142 -0.031496
0.111532 0.040067 0.012165 0.866142 -0.031496
0.114616 0.041361 0.012608 0.866142 -0.031496
0.117140 0.041266 0.013050 0.866142 -0.031496
0.120678 0.040056 0.013492 0.866142 -0.031496
0.124136 0.039048 0.013935 0.866142 -0.031496
0.128314 0.038816 0.014377 0.866142 -0.031496
0.132933 0.037470 0.014820 0.866142 -0.031496
0.135809 0.038757 0.015262 0.866142 -0.031496
0.139315 0.038028 0.015704 0.866142 -0.031496
0.143795 0.037662 0.016147 0.866142 -0.031496
0.147270 0.038003 0.016589 0.866142 -0.031496
0.150898 0.038082 0.017031 0.866142 -0.031496
0.155050 0.036615 0.017474 0.866142 -0.031496
0.158767 0.036192 0.017916 0.866142 -0.031496
0.162804 0.035608 0.018359 0.866142 -0.031496
0.167072 0.035096 0.018801 0.866142 -0.031496
0.170192 0.036114 0.019243 0.866142 -0.031496
0.174266 0.035548 0.019686 0.866142 -0.031496
0.178320 0.035087 0.020128 0.866142 -0.031496
0.182638 0.034326 0.020570 0.866142 -0.031496
0.186694 0.033902 0.021013 0.866142 -0.031496
0.192085 0.031290 0.021455 0.866142 -0.031496
0.196858 0.030741 0.021898 0.866142 -0.031496
0.201228 0.030564 0.022340 0.866142 -0.031496
0.204945 0.031387 0.022782 0.866142 -0.031496
0.208919 0.030264 0.023225 0.866142 -0.031496
0.213399 0.029656 0.023667 0.866142 -0.031496
0.217701 0.029137 0.024109 0.866142 -0.031496
0.222195 0.029354 0.024552 0.866142 -0.031496
0.226314 0.029034 0.024994 0.866142 -0.031496
0.230846 0.027872 0.025437 0.866142 -0.031496
0.234762 0.027562 0.025879 0.866142 -0.031496
0.238369 0.030398 0.026321 0.866142 -0.031496
0.241252 0.030076 0.026764 0.866142 -0.031496
0.244836 0.027252 0.027206 0.866142 -0.031496
0.248762 0.026692 0.027648 0.866142 -0.031496
0.253004 0.024254 0.028091 0.866142 -0.031496
0.257700 0.021870 0.028533 0.866142 -0.031496
0.263153 0.016480 0.028976 0.866142 -0.031496
0.267920 0.016077 0.029418 0.866142 -0.031496
0.271824 0.017703 0.029860 0.866142 -0.031496
0.276011 0.019889 0.030303 0.866142 -0.031496
0.280323 0.016412 0.030745 0.866142 -0.031496
0.283840 0.018093 0.031187 0.866142 -0.031496
0.287268 0.018364 0.031630 0.866142 -0.031496
0.291331 0.014314 0.032072 0.866142 -0.031496
0.295322 0.013956 0.032515 0.866142 -0.031496
0.299685 0.008401 0.032957 0.866142 -0.031496
0.304469 0.004695 0.033399 0.866142 -0.031496
0.309053 0.004966 0.033842 0.866142 -0.031496
0.313136 0.005660 0.034284 0.866142 -0.031496
0.316770 0.008957 0.034726 0.866142 -0.031496
0.320423 0.008120 0.035169 0.866142 -0.031496
0.324220 0.007469 0.035611 0.866142 -0.031496
0.327707 0.008922 0.036054 0.866142 -0.031496
0.331383 0.003847 0.036496 0.866142 -0.031496
0.334835 0.006199 0.036938 0.866142 -0.031496
0.339019 -0.002558 0.037381 0.866142 -0.031496
0.342871 -0.002551 0.037823 0.866142 -0.031496
0.346038 0.004167 0.038265 0.866142 -0.031496
0.349182 0.000685 0.038708 0.866142 -0.031496
0.353720 -0.006954 0.039150 0.866142 -0.031496
0.358074 -0.011054 0.039593 0.866142 -0.031496
0.361981 -0.014465 0.040035 0.866142 -0.031496
0.365905 -0.016885 0.040477 0.866142 -0.031496
0.369794 -0.023129 0.040920 0.866142 -0.031496
0.373859 -0.033516 0.041362 0.866142 -0.031496
0.377741 -0.034067 0.041804 0.866142 -0.031496
0.380684 -0.012276 0.042247 0.866142 -0.031496
0.383909 -0.018265 0.042689 0.866142 -0.031496
0.387485 -0.042252 0.043132 0.866142 -0.031496
0.391005 -0.057165 0.043574 0.866142 -0.031496
0.000000 -nan 0.044016 0.866142 -0.031496
0.000000 -nan 0.044459 0.866142 -0.031496
0.000000 -nan 0.044901 0.866142 -0.031496
0.000000 -nan 0.045343 0.866142 -0.031496
0.000000 -nan 0.045786 0.866142 -0.031496
0.000000 -nan 0.046228 0.866142 -0.031496
0.000000 -nan 0.046671 0.866142 -0.031496
0.000000 -nan 0.047113 0.866142 -0.031496
0.000000 -nan 0.047555 0.866142 -0.031496
0.000000 -nan 0.047998 0.866142 -0.031496
0.000000 -nan 0.048440 0.866142 -0.031496
0.000000 -nan 0.048882 0.866142 -0.031496
0.000000 -nan 0.049325 0.866142 -0.031496
0.000000 -nan 0.049767 0.866142 -0.031496
0.000000 -nan 0.050210 0.866142 -0.031496
0.000000 -nan 0.050652 0.866142 -0.031496
0.000000 -nan 0.051094 0.866142 -0.031496
0.000000 -nan 0.051537 0.866142 -0.031496
0.000000 -nan 0.051979 0.866142 -0.031496
0.000000 -nan 0.052421 0.866142 -0.031496
0.000000 -nan 0.052864 0.866142 -0.031496
0.000000 -nan 0.053306 0.866142 -0.031496
0.000000 -nan 0.053749 0.866142 -0.031496
0.000000 -nan 0.054191 0.866142 -0.031496
0.000000 -nan 0.054633 0.866142 -0.031496
0.000000 -nan 0.055076 0.866142 -0.031496
0.000000 -nan 0.055518 0.866142 -0.031496
0.000000 -nan 0.055960 0.866142 -0.031496
0.000000 -nan 0.056403 0.866142 -0.031496
0.000000 -nan 0.056845 0.866142 -0.031496
0.000000 -nan 0.057288 0.866142 -0.031496
0.000000 -nan 0.057730 0.866142 -0.031496
0.000000 -nan 0.058172 0.866142 -0.031496
0.000000 -nan 0.058615 0.866142 -0.031496
0.000000 -nan 0.059057 0.866142 -0.031496
0.000000 -nan 0.059499 0.866142 -0.031496
0.000000 -nan 0.059942 0.866142 -0.031496
0.000000 -nan 0.060384 0.866142 -0.031496
0.000000 -nan 0.060827 0.866142 -0.031496
0.000000 -nan 0.061269 0.866142 -0.031496
0.000000 -nan 0.061711 0.866142 -0.031496
0.000000 -nan 0.062154 0.866142 -0.031496
0.000000 -nan 0.062596 0.866142 -0.031496
0.000000 -nan 0.063038 0.866142 -0.031496
0.000000 -nan 0.063481 0.866142 -0.031496
0.000000 -nan 0.063923 0.866142 -0.031496
0.000000 -nan 0.064366 0.866142 -0.031496
0.000000 -nan 0.064808 0.866142 -0.031496
0.000000 -nan 0.065250 0.866142 -0.031496
0.000000 -nan 0.065693 0.866142 -0.031496
0.000000 -nan 0.066135 0.866142 -0.031496
0.000000 -nan 0.066577 0.866142 -0.031496
0.000000 -nan 0.067020 0.866142 -0.031496
0.000000 -nan 0.067462 0.866142 -0.031496
0.000000 -nan 0.067905 0.866142 -0.031496
0.000000 -nan 0.068347 0.866142 -0.031496
0.000000 -nan 0.068789 0.866142 -0.031496
0.000000 -nan 0.069232 0.866142 -0.031496
0.000000 -nan 0.069674 0.866142 -0.031496
0.000000 -nan 0.070116 0.866142 -0.031496
0.000000 -nan 0.070559 0.866142 -0.031496
0.000000 -nan 0.071001 0.866142 -0.031496
0.000000 -nan 0.071444 0.866142 -0.031496
0.000000 -nan 0.071886 0.866142 -0.031496
0.000000 -nan 0.072328 0.866142 -0.031496
0.000000 -nan 0.072771 0.866142 -0.031496
0.000000 -nan 0.073213 0.866142 -0.031496
0.000000 -nan 0.073655 0.866142 -0.031496
0.000000 -nan 0.074098 0.866142 -0.031496
0.000000 -nan 0.074540 0.866142 -0.031496
0.000000 -nan 0.074983 0.866142 -0.031496
0.000000 -nan 0.075425 0.866142 -0.031496
0.000000 -nan 0.075867 0.866142 -0.031496
0.000000 -nan 0.076310 0.866142 -0.031496
0.000000 -nan 0.076752 0.866142 -0.031496
0.000000 -nan 0.077194 0.866142 -0.031496
0.000000 -nan 0.077637 0.866142 -0.031496
0.000000 -nan 0.078079 0.866142 -0.031496
0.000000 -nan 0.078522 0.866142 -0.031496
0.000000 -nan 0.078964 0.866142 -0.031496
0.000000 -nan 0.079406 0.866142 -0.031496
0.000000 -nan 0.079849 0.866142 -0.031496
0.000000 -nan 0.080291 0.866142 -0.031496
0.000000 -nan 0.080733 0.866142 -0.031496
0.000000 -nan 0.081176 0.866142 -0.031496
0.000000 -nan 0.081618 0.866142 -0.031496
0.000000 -nan 0.082061 0.866142 -0.031496
0.000000 -nan 0.082503 0.866142 -0.031496
0.000000 -nan 0.082945 0.866142 -0.031496
0.000000 -nan 0.083388 0.866142 -0.031496
0.000000 -nan 0.083830 0.866142 -0.031496
0.000000 -nan 0.084272 0.866142 -0.031496
0.000000 -nan 0.084715 0.866142 -0.031496
0.000000 -nan 0.085157 0.866142 -0.031496
0.000000 -nan 0.085600 0.866142 -0.031496
0.000000 -nan 0.086042 0.866142 -0.031496
0.000000 -nan 0.086484 0.866142 -0.031496
0.000000 -nan 0.086927 0.866142 -0.031496
0.000000 -nan 0.087369 0.866142 -0.031496
0.000000 -nan 0.087811 0.866142 -0.031496
0.000000 -nan 0.088254 0.866142 -0.031496
0.000000 -nan 0.088696 0.866142 -0.031496
0.000000 -nan 0.089139 0.866142 -0.031496
0.000000 -nan 0.089581 0.866142 -0.031496
0.000000 -nan 0.090023 0.866142 -0.031496
0.000000 -nan 0.090466 0.866142 -0.031496
0.000000 -nan 0.090908 0.866142 -0.031496
0.000000 -nan 0.091350 0.866142 -0.031496
0.000000 -nan 0.091793 0.866142 -0.031496
0.000000 -nan 0.092235 0.866142 -0.031496
0.000000 -nan 0.092678 0.866142 -0.031496
0.000000 -nan 0.093120 0.866142 -0.031496
0.000000 -nan 0.093562 0.866142 -0.031496
0.000000 -nan 0.094005 0.866142 -0.031496
0.000000 -nan 0.094447 0.866142 -0.031496
0.000000 -nan 0.094889 0.866142 -0.031496
0.000000 -nan 0.095332 0.866142 -0.031496
0.000000 -nan 0.095774 0.866142 -0.031496
0.000000 -nan 0.096217 0.866142 -0.031496
0.000000 -nan 0.096659 0.866142 -0.031496
0.000000 -nan 0.097101 0.866142 -0.031496
0.000000 -nan 0.097544 0.866142 -0.031496
0.000000 -nan 0.097986 0.866142 -0.031496
0.000000 -nan 0.098428 0.866142 -0.031496
0.000000 -nan 0.098871 0.866142 -0.031496
0.000000 -nan 0.099313 0.866142 -0.031496
0.000000 -nan 0.099756 0.866142 -0.031496
0.000000 -nan 0.100198 0.866142 -0.031496
0.000000 -nan 0.100640 0.866142 -0.031496
0.000000 -nan 0.101083 0.866142 -0.031496
0.000000 -nan 0.101525 0.866142 -0.031496
0.000000 -nan 0.101967 0.866142 -0.031496
0.000000 -nan 0.102410 0.866142 -0.031496
0.000000 -nan 0.102852 0.866142 -0.031496
0.000000 -nan 0.103295 0.866142 -0.031496
0.000000 -nan 0.103737 0.866142 -0.031496
0.000000 -nan 0.104179 0.866142 -0.031496
0.000000 -nan 0.104622 0.866142 -0.031496
0.000000 -nan 0.105064 0.866142 -0.031496
0.000000 -nan 0.105506 0.866142 -0.031496
0.000000 -nan 0.105949 0.866142 -0.031496
0.000000 -nan 0.106391 0.866142 -0.031496
0.000000 -nan 0.106834 0.866142 -0.031496
0.000000 -nan 0.107276 0.866142 -0.031496
0.000000 -nan 0.107718 0.866142 -0.031496
0.000000 -nan 0.108161 0.866142 -0.031496
0.000000 -nan 0.108603 0.866142 -0.031496
0.000000 -nan 0.109045 0.866142 -0.031496
0.000000 -nan 0.109488 0.866142 -0.031496
0.000000 -nan 0.109930 0.866142 -0.031496
0.000000 -nan 0.110373 0.866142 -0.031496
