SoC E[V] Tiempo logChi logEle
0.002009 -0.084881 0.001014 -1.070866 -0.692913
0.005669 -0.084264 0.003043 -1.070866 -0.692913
0.009793 -0.083786 0.005072 -1.070866 -0.692913
0.013816 -0.083557 0.007100 -1.070866 -0.692913
0.018176 -0.083016 0.009129 -1.070866 -0.692913
0.022141 -0.082789 0.011158 -1.070866 -0.692913
0.025978 -0.082589 0.013186 -1.070866 -0.692913
0.029776 -0.082395 0.015215 -1.070866 -0.692913
0.033688 -0.082247 0.017244 -1.070866 -0.692913
0.037735 -0.082350 0.019272 -1.070866 -0.692913
0.041682 -0.081985 0.021301 -1.070866 -0.692913
0.045697 -0.081799 0.023330 -1.070866 -0.692913
0.049615 -0.081563 0.025358 -1.070866 -0.692913
0.053602 -0.081545 0.027387 -1.070866 -0.692913
0.057472 -0.081544 0.029415 -1.070866 -0.692913
0.061319 -0.081405 0.031444 -1.070866 -0.692913
0.065357 -0.081113 0.033473 -1.070866 -0.692913
0.069501 -0.081156 0.035501 -1.070866 -0.692913
0.073623 -0.080935 0.037530 -1.070866 -0.692913
0.077686 -0.080591 0.039559 -1.070866 -0.692913
0.081688 -0.080870 0.041587 -1.070866 -0.692913
0.085646 -0.080660 0.043616 -1.070866 -0.692913
0.089634 -0.080295 0.045645 -1.070866 -0.692913
0.093640 -0.080382 0.047673 -1.070866 -0.692913
0.098063 -0.080212 0.049702 -1.070866 -0.692913
0.102030 -0.080296 0.051731 -1.070866 -0.692913
0.105684 -0.080160 0.053759 -1.070866 -0.692913
0.109711 -0.080004 0.055788 -1.070866 -0.692913
0.113498 -0.079600 0.057817 -1.070866 -0.692913
0.117488 -0.079860 0.059845 -1.070866 -0.692913
0.121454 -0.079838 0.061874 -1.070866 -0.692913
0.125323 -0.079661 0.063903 -1.070866 -0.692913
0.129237 -0.079633 0.065931 -1.070866 -0.692913
0.133347 -0.079561 0.067960 -1.070866 -0.692913
0.137680 -0.079276 0.069989 -1.070866 -0.692913
0.141688 -0.079423 0.072017 -1.070866 -0.692913
0.145763 -0.079052 0.074046 -1.070866 -0.692913
0.150111 -0.078757 0.076075 -1.070866 -0.692913
0.154318 -0.078721 0.078103 -1.070866 -0.692913
0.158230 -0.078609 0.080132 -1.070866 -0.692913
0.162245 -0.078445 0.082160 -1.070866 -0.692913
0.166488 -0.078552 0.084189 -1.070866 -0.692913
0.170258 -0.078772 0.086218 -1.070866 -0.692913
0.173907 -0.078519 0.088246 -1.070866 -0.692913
0.177988 -0.078542 0.090275 -1.070866 -0.692913
0.182093 -0.078369 0.092304 -1.070866 -0.692913
0.186009 -0.078131 0.094332 -1.070866 -0.692913
0.190046 -0.078164 0.096361 -1.070866 -0.692913
0.193972 -0.078292 0.098390 -1.070866 -0.692913
0.198010 -0.078319 0.100418 -1.070866 -0.692913
0.201931 -0.078426 0.102447 -1.070866 -0.692913
0.206109 -0.078314 0.104476 -1.070866 -0.692913
0.210428 -0.078182 0.106504 -1.070866 -0.692913
0.214552 -0.078221 0.108533 -1.070866 -0.692913
0.218719 -0.077958 0.110562 -1.070866 -0.692913
0.222701 -0.078019 0.112590 -1.070866 -0.692913
0.226767 -0.077994 0.114619 -1.070866 -0.692913
0.230900 -0.078060 0.116648 -1.070866 -0.692913
0.234639 -0.078014 0.118676 -1.070866 -0.692913
0.238442 -0.077971 0.120705 -1.070866 -0.692913
0.242693 -0.077932 0.122734 -1.070866 -0.692913
0.246512 -0.077850 0.124762 -1.070866 -0.692913
0.250431 -0.077774 0.126791 -1.070866 -0.692913
0.254200 -0.077644 0.128819 -1.070866 -0.692913
0.258176 -0.077668 0.130848 -1.070866 -0.692913
0.262235 -0.077818 0.132877 -1.070866 -0.692913
0.265994 -0.077683 0.134905 -1.070866 -0.692913
0.269944 -0.077599 0.136934 -1.070866 -0.692913
0.273976 -0.077675 0.138963 -1.070866 -0.692913
0.278047 -0.077620 0.140991 -1.070866 -0.692913
0.281951 -0.077576 0.143020 -1.070866 -0.692913
0.285933 -0.077690 0.145049 -1.070866 -0.692913
0.289814 -0.077513 0.147077 -1.070866 -0.692913
0.293506 -0.077563 0.149106 -1.070866 -0.692913
0.297279 -0.077864 0.151135 -1.070866 -0.692913
0.301281 -0.077471 0.153163 -1.070866 -0.692913
0.305096 -0.077866 0.155192 -1.070866 -0.692913
0.308745 -0.077790 0.157221 -1.070866 -0.692913
0.313067 -0.077835 0.159249 -1.070866 -0.692913
0.316817 -0.077734 0.161278 -1.070866 -0.692913
0.320799 -0.077688 0.163307 -1.070866 -0.692913
0.324828 -0.077449 0.165335 -1.070866 -0.692913
0.329090 -0.077837 0.167364 -1.070866 -0.692913
0.333106 -0.077599 0.169393 -1.070866 -0.692913
0.337193 -0.077909 0.171421 -1.070866 -0.692913
0.341231 -0.077841 0.173450 -1.070866 -0.692913
0.344884 -0.077947 0.175479 -1.070866 -0.692913
0.348611 -0.078317 0.177507 -1.070866 -0.692913
0.352627 -0.077813 0.179536 -1.070866 -0.692913
0.357056 -0.077902 0.181564 -1.070866 -0.692913
0.361314 -0.077846 0.183593 -1.070866 -0.692913
0.365570 -0.078122 0.185622 -1.070866 -0.692913
0.369638 -0.078145 0.187650 -1.070866 -0.692913
0.373418 -0.077596 0.189679 -1.070866 -0.692913
0.377411 -0.077814 0.191708 -1.070866 -0.692913
0.381285 -0.077807 0.193736 -1.070866 -0.692913
0.385004 -0.078256 0.195765 -1.070866 -0.692913
0.389204 -0.078204 0.197794 -1.070866 -0.692913
0.392862 -0.078096 0.199822 -1.070866 -0.692913
0.396641 -0.078138 0.201851 -1.070866 -0.692913
0.400738 -0.078117 0.203880 -1.070866 -0.692913
0.405266 -0.078106 0.205908 -1.070866 -0.692913
0.409364 -0.078211 0.207937 -1.070866 -0.692913
0.413381 -0.078349 0.209966 -1.070866 -0.692913
0.417641 -0.078498 0.211994 -1.070866 -0.692913
0.421805 -0.079086 0.214023 -1.070866 -0.692913
0.425946 -0.078775 0.216052 -1.070866 -0.692913
0.430127 -0.078928 0.218080 -1.070866 -0.692913
0.434345 -0.078741 0.220109 -1.070866 -0.692913
0.438211 -0.078764 0.222138 -1.070866 -0.692913
0.441913 -0.078326 0.224166 -1.070866 -0.692913
0.445367 -0.079216 0.226195 -1.070866 -0.692913
0.449257 -0.078930 0.228224 -1.070866 -0.692913
0.453350 -0.079347 0.230252 -1.070866 -0.692913
0.457802 -0.078956 0.232281 -1.070866 -0.692913
0.461950 -0.079950 0.234309 -1.070866 -0.692913
0.465680 -0.079438 0.236338 -1.070866 -0.692913
0.469736 -0.079787 0.238367 -1.070866 -0.692913
0.473602 -0.080316 0.240395 -1.070866 -0.692913
0.477707 -0.081339 0.242424 -1.070866 -0.692913
0.481663 -0.080346 0.244453 -1.070866 -0.692913
0.485433 -0.079979 0.246481 -1.070866 -0.692913
0.489036 -0.080189 0.248510 -1.070866 -0.692913
0.492837 -0.080808 0.250539 -1.070866 -0.692913
0.496913 -0.080360 0.252567 -1.070866 -0.692913
0.501183 -0.081121 0.254596 -1.070866 -0.692913
0.505360 -0.081479 0.256625 -1.070866 -0.692913
0.509823 -0.082609 0.258653 -1.070866 -0.692913
0.514021 -0.081303 0.260682 -1.070866 -0.692913
0.518166 -0.082690 0.262711 -1.070866 -0.692913
0.522512 -0.081996 0.264739 -1.070866 -0.692913
0.526851 -0.084018 0.266768 -1.070866 -0.692913
0.531194 -0.083648 0.268797 -1.070866 -0.692913
0.535538 -0.083751 0.270825 -1.070866 -0.692913
0.539333 -0.083449 0.272854 -1.070866 -0.692913
0.543031 -0.083372 0.274883 -1.070866 -0.692913
0.546607 -0.083276 0.276911 -1.070866 -0.692913
0.550506 -0.083628 0.278940 -1.070866 -0.692913
0.554380 -0.082908 0.280968 -1.070866 -0.692913
0.558135 -0.083522 0.282997 -1.070866 -0.692913
0.562170 -0.084572 0.285026 -1.070866 -0.692913
0.566028 -0.083149 0.287054 -1.070866 -0.692913
0.570006 -0.084572 0.289083 -1.070866 -0.692913
0.574181 -0.084774 0.291112 -1.070866 -0.692913
0.578487 -0.082965 0.293140 -1.070866 -0.692913
0.582300 -0.084375 0.295169 -1.070866 -0.692913
0.586031 -0.084000 0.297198 -1.070866 -0.692913
0.590033 -0.085446 0.299226 -1.070866 -0.692913
0.593752 -0.085387 0.301255 -1.070866 -0.692913
0.597622 -0.084957 0.303284 -1.070866 -0.692913
0.601646 -0.087197 0.305312 -1.070866 -0.692913
0.605811 -0.088265 0.307341 -1.070866 -0.692913
0.609969 -0.088374 0.309370 -1.070866 -0.692913
0.613932 -0.086699 0.311398 -1.070866 -0.692913
0.618111 -0.086232 0.313427 -1.070866 -0.692913
0.622174 -0.087260 0.315456 -1.070866 -0.692913
0.626017 -0.089425 0.317484 -1.070866 -0.692913
0.629935 -0.089614 0.319513 -1.070866 -0.692913
0.633868 -0.089881 0.321542 -1.070866 -0.692913
0.637614 -0.088841 0.323570 -1.070866 -0.692913
0.641883 -0.088995 0.325599 -1.070866 -0.692913
0.645925 -0.090379 0.327628 -1.070866 -0.692913
0.649486 -0.091794 0.329656 -1.070866 -0.692913
0.653211 -0.090410 0.331685 -1.070866 -0.692913
0.656837 -0.089335 0.333713 -1.070866 -0.692913
0.660343 -0.089351 0.335742 -1.070866 -0.692913
0.663938 -0.089617 0.337771 -1.070866 -0.692913
0.667994 -0.090404 0.339799 -1.070866 -0.692913
0.671922 -0.090705 0.341828 -1.070866 -0.692913
0.675802 -0.093617 0.343857 -1.070866 -0.692913
0.679624 -0.093579 0.345885 -1.070866 -0.692913
0.683687 -0.095764 0.347914 -1.070866 -0.692913
0.687847 -0.097002 0.349943 -1.070866 -0.692913
0.691799 -0.097187 0.351971 -1.070866 -0.692913
0.696048 -0.097280 0.354000 -1.070866 -0.692913
0.700331 -0.099637 0.356029 -1.070866 -0.692913
0.704484 -0.099900 0.358057 -1.070866 -0.692913
0.708208 -0.097780 0.360086 -1.070866 -0.692913
0.712013 -0.098946 0.362115 -1.070866 -0.692913
0.715844 -0.099384 0.364143 -1.070866 -0.692913
0.720092 -0.103102 0.366172 -1.070866 -0.692913
0.724042 -0.103590 0.368201 -1.070866 -0.692913
0.727994 -0.102978 0.370229 -1.070866 -0.692913
0.731830 -0.102778 0.372258 -1.070866 -0.692913
0.736032 -0.107036 0.374287 -1.070866 -0.692913
0.740138 -0.107443 0.376315 -1.070866 -0.692913
0.744337 -0.106526 0.378344 -1.070866 -0.692913
0.748365 -0.106293 0.380372 -1.070866 -0.692913
0.752484 -0.107085 0.382401 -1.070866 -0.692913
0.756161 -0.104016 0.384430 -1.070866 -0.692913
0.760092 -0.105937 0.386458 -1.070866 -0.692913
0.764147 -0.106724 0.388487 -1.070866 -0.692913
0.768110 -0.110086 0.390516 -1.070866 -0.692913
0.772107 -0.110997 0.392544 -1.070866 -0.692913
0.775770 -0.111985 0.394573 -1.070866 -0.692913
0.779714 -0.112292 0.396602 -1.070866 -0.692913
0.783581 -0.112521 0.398630 -1.070866 -0.692913
0.787832 -0.111963 0.400659 -1.070866 -0.692913
0.791917 -0.113454 0.402688 -1.070866 -0.692913
0.795891 -0.117380 0.404716 -1.070866 -0.692913
0.799973 -0.119353 0.406745 -1.070866 -0.692913
0.803736 -0.115132 0.408774 -1.070866 -0.692913
0.807835 -0.117253 0.410802 -1.070866 -0.692913
0.811631 -0.117307 0.412831 -1.070866 -0.692913
0.815215 -0.117704 0.414860 -1.070866 -0.692913
0.819282 -0.122331 0.416888 -1.070866 -0.692913
0.823386 -0.123441 0.418917 -1.070866 -0.692913
0.827331 -0.125802 0.420946 -1.070866 -0.692913
0.831296 -0.125234 0.422974 -1.070866 -0.692913
0.835456 -0.129180 0.425003 -1.070866 -0.692913
0.839700 -0.130731 0.427032 -1.070866 -0.692913
0.842085 -0.133154 0.429060 -1.070866 -0.692913
0.000000 -nan 0.431089 -1.070866 -0.692913
0.000000 -nan 0.433117 -1.070866 -0.692913
0.000000 -nan 0.435146 -1.070866 -0.692913
0.000000 -nan 0.437175 -1.070866 -0.692913
0.000000 -nan 0.439203 -1.070866 -0.692913
0.000000 -nan 0.441232 -1.070866 -0.692913
0.000000 -nan 0.443261 -1.070866 -0.692913
0.000000 -nan 0.445289 -1.070866 -0.692913
0.000000 -nan 0.447318 -1.070866 -0.692913
0.000000 -nan 0.449347 -1.070866 -0.692913
0.000000 -nan 0.451375 -1.070866 -0.692913
0.000000 -nan 0.453404 -1.070866 -0.692913
0.000000 -nan 0.455433 -1.070866 -0.692913
0.000000 -nan 0.457461 -1.070866 -0.692913
0.000000 -nan 0.459490 -1.070866 -0.692913
0.000000 -nan 0.461519 -1.070866 -0.692913
0.000000 -nan 0.463547 -1.070866 -0.692913
0.000000 -nan 0.465576 -1.070866 -0.692913
0.000000 -nan 0.467605 -1.070866 -0.692913
0.000000 -nan 0.469633 -1.070866 -0.692913
0.000000 -nan 0.471662 -1.070866 -0.692913
0.000000 -nan 0.473691 -1.070866 -0.692913
0.000000 -nan 0.475719 -1.070866 -0.692913
0.000000 -nan 0.477748 -1.070866 -0.692913
0.000000 -nan 0.479777 -1.070866 -0.692913
0.000000 -nan 0.481805 -1.070866 -0.692913
0.000000 -nan 0.483834 -1.070866 -0.692913
0.000000 -nan 0.485862 -1.070866 -0.692913
0.000000 -nan 0.487891 -1.070866 -0.692913
0.000000 -nan 0.489920 -1.070866 -0.692913
0.000000 -nan 0.491948 -1.070866 -0.692913
0.000000 -nan 0.493977 -1.070866 -0.692913
0.000000 -nan 0.496006 -1.070866 -0.692913
0.000000 -nan 0.498034 -1.070866 -0.692913
0.000000 -nan 0.500063 -1.070866 -0.692913
0.000000 -nan 0.502092 -1.070866 -0.692913
0.000000 -nan 0.504120 -1.070866 -0.692913
0.000000 -nan 0.506149 -1.070866 -0.692913
