SoC E[V] Tiempo logChi logEle
0.000019 -0.152714 0.000005 -0.503937 1.574803
0.000000 -nan 0.000016 -0.503937 1.574803
0.000000 -nan 0.000027 -0.503937 1.574803
0.000000 -nan 0.000038 -0.503937 1.574803
0.000000 -nan 0.000049 -0.503937 1.574803
0.000000 -nan 0.000060 -0.503937 1.574803
0.000000 -nan 0.000071 -0.503937 1.574803
0.000000 -nan 0.000082 -0.503937 1.574803
0.000000 -nan 0.000093 -0.503937 1.574803
0.000000 -nan 0.000104 -0.503937 1.574803
0.000000 -nan 0.000115 -0.503937 1.574803
0.000000 -nan 0.000126 -0.503937 1.574803
0.000000 -nan 0.000137 -0.503937 1.574803
0.000000 -nan 0.000148 -0.503937 1.574803
0.000000 -nan 0.000159 -0.503937 1.574803
0.000000 -nan 0.000170 -0.503937 1.574803
0.000000 -nan 0.000181 -0.503937 1.574803
0.000000 -nan 0.000192 -0.503937 1.574803
0.000000 -nan 0.000203 -0.503937 1.574803
0.000000 -nan 0.000214 -0.503937 1.574803
0.000000 -nan 0.000225 -0.503937 1.574803
0.000000 -nan 0.000235 -0.503937 1.574803
0.000000 -nan 0.000246 -0.503937 1.574803
0.000000 -nan 0.000257 -0.503937 1.574803
0.000000 -nan 0.000268 -0.503937 1.574803
0.000000 -nan 0.000279 -0.503937 1.574803
0.000000 -nan 0.000290 -0.503937 1.574803
0.000000 -nan 0.000301 -0.503937 1.574803
0.000000 -nan 0.000312 -0.503937 1.574803
0.000000 -nan 0.000323 -0.503937 1.574803
0.000000 -nan 0.000334 -0.503937 1.574803
0.000000 -nan 0.000345 -0.503937 1.574803
0.000000 -nan 0.000356 -0.503937 1.574803
0.000000 -nan 0.000367 -0.503937 1.574803
0.000000 -nan 0.000378 -0.503937 1.574803
0.000000 -nan 0.000389 -0.503937 1.574803
0.000000 -nan 0.000400 -0.503937 1.574803
0.000000 -nan 0.000411 -0.503937 1.574803
0.000000 -nan 0.000422 -0.503937 1.574803
0.000000 -nan 0.000433 -0.503937 1.574803
0.000000 -nan 0.000444 -0.503937 1.574803
0.000000 -nan 0.000455 -0.503937 1.574803
0.000000 -nan 0.000465 -0.503937 1.574803
0.000000 -nan 0.000476 -0.503937 1.574803
0.000000 -nan 0.000487 -0.503937 1.574803
0.000000 -nan 0.000498 -0.503937 1.574803
0.000000 -nan 0.000509 -0.503937 1.574803
0.000000 -nan 0.000520 -0.503937 1.574803
0.000000 -nan 0.000531 -0.503937 1.574803
0.000000 -nan 0.000542 -0.503937 1.574803
0.000000 -nan 0.000553 -0.503937 1.574803
0.000000 -nan 0.000564 -0.503937 1.574803
0.000000 -nan 0.000575 -0.503937 1.574803
0.000000 -nan 0.000586 -0.503937 1.574803
0.000000 -nan 0.000597 -0.503937 1.574803
0.000000 -nan 0.000608 -0.503937 1.574803
0.000000 -nan 0.000619 -0.503937 1.574803
0.000000 -nan 0.000630 -0.503937 1.574803
0.000000 -nan 0.000641 -0.503937 1.574803
0.000000 -nan 0.000652 -0.503937 1.574803
0.000000 -nan 0.000663 -0.503937 1.574803
0.000000 -nan 0.000674 -0.503937 1.574803
0.000000 -nan 0.000684 -0.503937 1.574803
0.000000 -nan 0.000695 -0.503937 1.574803
0.000000 -nan 0.000706 -0.503937 1.574803
0.000000 -nan 0.000717 -0.503937 1.574803
0.000000 -nan 0.000728 -0.503937 1.574803
0.000000 -nan 0.000739 -0.503937 1.574803
0.000000 -nan 0.000750 -0.503937 1.574803
0.000000 -nan 0.000761 -0.503937 1.574803
0.000000 -nan 0.000772 -0.503937 1.574803
0.000000 -nan 0.000783 -0.503937 1.574803
0.000000 -nan 0.000794 -0.503937 1.574803
0.000000 -nan 0.000805 -0.503937 1.574803
0.000000 -nan 0.000816 -0.503937 1.574803
0.000000 -nan 0.000827 -0.503937 1.574803
0.000000 -nan 0.000838 -0.503937 1.574803
0.000000 -nan 0.000849 -0.503937 1.574803
0.000000 -nan 0.000860 -0.503937 1.574803
0.000000 -nan 0.000871 -0.503937 1.574803
0.000000 -nan 0.000882 -0.503937 1.574803
0.000000 -nan 0.000893 -0.503937 1.574803
0.000000 -nan 0.000904 -0.503937 1.574803
0.000000 -nan 0.000914 -0.503937 1.574803
0.000000 -nan 0.000925 -0.503937 1.574803
0.000000 -nan 0.000936 -0.503937 1.574803
0.000000 -nan 0.000947 -0.503937 1.574803
0.000000 -nan 0.000958 -0.503937 1.574803
0.000000 -nan 0.000969 -0.503937 1.574803
0.000000 -nan 0.000980 -0.503937 1.574803
0.000000 -nan 0.000991 -0.503937 1.574803
0.000000 -nan 0.001002 -0.503937 1.574803
0.000000 -nan 0.001013 -0.503937 1.574803
0.000000 -nan 0.001024 -0.503937 1.574803
0.000000 -nan 0.001035 -0.503937 1.574803
0.000000 -nan 0.001046 -0.503937 1.574803
0.000000 -nan 0.001057 -0.503937 1.574803
0.000000 -nan 0.001068 -0.503937 1.574803
0.000000 -nan 0.001079 -0.503937 1.574803
0.000000 -nan 0.001090 -0.503937 1.574803
0.000000 -nan 0.001101 -0.503937 1.574803
0.000000 -nan 0.001112 -0.503937 1.574803
0.000000 -nan 0.001123 -0.503937 1.574803
0.000000 -nan 0.001134 -0.503937 1.574803
0.000000 -nan 0.001144 -0.503937 1.574803
0.000000 -nan 0.001155 -0.503937 1.574803
0.000000 -nan 0.001166 -0.503937 1.574803
0.000000 -nan 0.001177 -0.503937 1.574803
0.000000 -nan 0.001188 -0.503937 1.574803
0.000000 -nan 0.001199 -0.503937 1.574803
0.000000 -nan 0.001210 -0.503937 1.574803
0.000000 -nan 0.001221 -0.503937 1.574803
0.000000 -nan 0.001232 -0.503937 1.574803
0.000000 -nan 0.001243 -0.503937 1.574803
0.000000 -nan 0.001254 -0.503937 1.574803
0.000000 -nan 0.001265 -0.503937 1.574803
0.000000 -nan 0.001276 -0.503937 1.574803
0.000000 -nan 0.001287 -0.503937 1.574803
0.000000 -nan 0.001298 -0.503937 1.574803
0.000000 -nan 0.001309 -0.503937 1.574803
0.000000 -nan 0.001320 -0.503937 1.574803
0.000000 -nan 0.001331 -0.503937 1.574803
0.000000 -nan 0.001342 -0.503937 1.574803
0.000000 -nan 0.001353 -0.503937 1.574803
0.000000 -nan 0.001364 -0.503937 1.574803
0.000000 -nan 0.001374 -0.503937 1.574803
0.000000 -nan 0.001385 -0.503937 1.574803
0.000000 -nan 0.001396 -0.503937 1.574803
0.000000 -nan 0.001407 -0.503937 1.574803
0.000000 -nan 0.001418 -0.503937 1.574803
0.000000 -nan 0.001429 -0.503937 1.574803
0.000000 -nan 0.001440 -0.503937 1.574803
0.000000 -nan 0.001451 -0.503937 1.574803
0.000000 -nan 0.001462 -0.503937 1.574803
0.000000 -nan 0.001473 -0.503937 1.574803
0.000000 -nan 0.001484 -0.503937 1.574803
0.000000 -nan 0.001495 -0.503937 1.574803
0.000000 -nan 0.001506 -0.503937 1.574803
0.000000 -nan 0.001517 -0.503937 1.574803
0.000000 -nan 0.001528 -0.503937 1.574803
0.000000 -nan 0.001539 -0.503937 1.574803
0.000000 -nan 0.001550 -0.503937 1.574803
0.000000 -nan 0.001561 -0.503937 1.574803
0.000000 -nan 0.001572 -0.503937 1.574803
0.000000 -nan 0.001583 -0.503937 1.574803
0.000000 -nan 0.001594 -0.503937 1.574803
0.000000 -nan 0.001604 -0.503937 1.574803
0.000000 -nan 0.001615 -0.503937 1.574803
0.000000 -nan 0.001626 -0.503937 1.574803
0.000000 -nan 0.001637 -0.503937 1.574803
0.000000 -nan 0.001648 -0.503937 1.574803
0.000000 -nan 0.001659 -0.503937 1.574803
0.000000 -nan 0.001670 -0.503937 1.574803
0.000000 -nan 0.001681 -0.503937 1.574803
0.000000 -nan 0.001692 -0.503937 1.574803
0.000000 -nan 0.001703 -0.503937 1.574803
0.000000 -nan 0.001714 -0.503937 1.574803
0.000000 -nan 0.001725 -0.503937 1.574803
0.000000 -nan 0.001736 -0.503937 1.574803
0.000000 -nan 0.001747 -0.503937 1.574803
0.000000 -nan 0.001758 -0.503937 1.574803
0.000000 -nan 0.001769 -0.503937 1.574803
0.000000 -nan 0.001780 -0.503937 1.574803
0.000000 -nan 0.001791 -0.503937 1.574803
0.000000 -nan 0.001802 -0.503937 1.574803
0.000000 -nan 0.001813 -0.503937 1.574803
0.000000 -nan 0.001823 -0.503937 1.574803
0.000000 -nan 0.001834 -0.503937 1.574803
0.000000 -nan 0.001845 -0.503937 1.574803
0.000000 -nan 0.001856 -0.503937 1.574803
0.000000 -nan 0.001867 -0.503937 1.574803
0.000000 -nan 0.001878 -0.503937 1.574803
0.000000 -nan 0.001889 -0.503937 1.574803
0.000000 -nan 0.001900 -0.503937 1.574803
0.000000 -nan 0.001911 -0.503937 1.574803
0.000000 -nan 0.001922 -0.503937 1.574803
0.000000 -nan 0.001933 -0.503937 1.574803
0.000000 -nan 0.001944 -0.503937 1.574803
0.000000 -nan 0.001955 -0.503937 1.574803
0.000000 -nan 0.001966 -0.503937 1.574803
0.000000 -nan 0.001977 -0.503937 1.574803
0.000000 -nan 0.001988 -0.503937 1.574803
0.000000 -nan 0.001999 -0.503937 1.574803
0.000000 -nan 0.002010 -0.503937 1.574803
0.000000 -nan 0.002021 -0.503937 1.574803
0.000000 -nan 0.002032 -0.503937 1.574803
0.000000 -nan 0.002043 -0.503937 1.574803
0.000000 -nan 0.002053 -0.503937 1.574803
0.000000 -nan 0.002064 -0.503937 1.574803
0.000000 -nan 0.002075 -0.503937 1.574803
0.000000 -nan 0.002086 -0.503937 1.574803
0.000000 -nan 0.002097 -0.503937 1.574803
0.000000 -nan 0.002108 -0.503937 1.574803
0.000000 -nan 0.002119 -0.503937 1.574803
0.000000 -nan 0.002130 -0.503937 1.574803
0.000000 -nan 0.002141 -0.503937 1.574803
0.000000 -nan 0.002152 -0.503937 1.574803
0.000000 -nan 0.002163 -0.503937 1.574803
0.000000 -nan 0.002174 -0.503937 1.574803
0.000000 -nan 0.002185 -0.503937 1.574803
0.000000 -nan 0.002196 -0.503937 1.574803
0.000000 -nan 0.002207 -0.503937 1.574803
0.000000 -nan 0.002218 -0.503937 1.574803
0.000000 -nan 0.002229 -0.503937 1.574803
0.000000 -nan 0.002240 -0.503937 1.574803
0.000000 -nan 0.002251 -0.503937 1.574803
0.000000 -nan 0.002262 -0.503937 1.574803
0.000000 -nan 0.002273 -0.503937 1.574803
0.000000 -nan 0.002283 -0.503937 1.574803
0.000000 -nan 0.002294 -0.503937 1.574803
0.000000 -nan 0.002305 -0.503937 1.574803
0.000000 -nan 0.002316 -0.503937 1.574803
0.000000 -nan 0.002327 -0.503937 1.574803
0.000000 -nan 0.002338 -0.503937 1.574803
0.000000 -nan 0.002349 -0.503937 1.574803
0.000000 -nan 0.002360 -0.503937 1.574803
0.000000 -nan 0.002371 -0.503937 1.574803
0.000000 -nan 0.002382 -0.503937 1.574803
0.000000 -nan 0.002393 -0.503937 1.574803
0.000000 -nan 0.002404 -0.503937 1.574803
0.000000 -nan 0.002415 -0.503937 1.574803
0.000000 -nan 0.002426 -0.503937 1.574803
0.000000 -nan 0.002437 -0.503937 1.574803
0.000000 -nan 0.002448 -0.503937 1.574803
0.000000 -nan 0.002459 -0.503937 1.574803
0.000000 -nan 0.002470 -0.503937 1.574803
0.000000 -nan 0.002481 -0.503937 1.574803
0.000000 -nan 0.002492 -0.503937 1.574803
0.000000 -nan 0.002503 -0.503937 1.574803
0.000000 -nan 0.002513 -0.503937 1.574803
0.000000 -nan 0.002524 -0.503937 1.574803
0.000000 -nan 0.002535 -0.503937 1.574803
0.000000 -nan 0.002546 -0.503937 1.574803
0.000000 -nan 0.002557 -0.503937 1.574803
0.000000 -nan 0.002568 -0.503937 1.574803
0.000000 -nan 0.002579 -0.503937 1.574803
0.000000 -nan 0.002590 -0.503937 1.574803
0.000000 -nan 0.002601 -0.503937 1.574803
0.000000 -nan 0.002612 -0.503937 1.574803
0.000000 -nan 0.002623 -0.503937 1.574803
0.000000 -nan 0.002634 -0.503937 1.574803
0.000000 -nan 0.002645 -0.503937 1.574803
0.000000 -nan 0.002656 -0.503937 1.574803
0.000000 -nan 0.002667 -0.503937 1.574803
0.000000 -nan 0.002678 -0.503937 1.574803
0.000000 -nan 0.002689 -0.503937 1.574803
0.000000 -nan 0.002700 -0.503937 1.574803
0.000000 -nan 0.002711 -0.503937 1.574803
0.000000 -nan 0.002722 -0.503937 1.574803
0.000000 -nan 0.002733 -0.503937 1.574803
