SoC E[V] Tiempo logChi logEle
0.003893 0.072352 0.001014 0.488189 -0.692913
0.008291 0.065809 0.003043 0.488189 -0.692913
0.011594 0.064584 0.005072 0.488189 -0.692913
0.015824 0.061629 0.007100 0.488189 -0.692913
0.020199 0.059152 0.009129 0.488189 -0.692913
0.024333 0.058454 0.011158 0.488189 -0.692913
0.027573 0.058194 0.013186 0.488189 -0.692913
0.031290 0.056965 0.015215 0.488189 -0.692913
0.035393 0.056491 0.017244 0.488189 -0.692913
0.038912 0.055477 0.019272 0.488189 -0.692913
0.042565 0.055238 0.021301 0.488189 -0.692913
0.045836 0.054506 0.023330 0.488189 -0.692913
0.049708 0.055002 0.025358 0.488189 -0.692913
0.053389 0.054972 0.027387 0.488189 -0.692913
0.055857 0.055495 0.029415 0.488189 -0.692913
0.059121 0.054285 0.031444 0.488189 -0.692913
0.063274 0.052247 0.033473 0.488189 -0.692913
0.067749 0.051735 0.035501 0.488189 -0.692913
0.072072 0.051342 0.037530 0.488189 -0.692913
0.076475 0.050214 0.039559 0.488189 -0.692913
0.080525 0.051106 0.041587 0.488189 -0.692913
0.084628 0.050124 0.043616 0.488189 -0.692913
0.087617 0.050559 0.045645 0.488189 -0.692913
0.091422 0.049736 0.047673 0.488189 -0.692913
0.096165 0.048926 0.049702 0.488189 -0.692913
0.100914 0.048628 0.051731 0.488189 -0.692913
0.104689 0.048829 0.053759 0.488189 -0.692913
0.107974 0.049086 0.055788 0.488189 -0.692913
0.111471 0.048604 0.057817 0.488189 -0.692913
0.115620 0.048402 0.059845 0.488189 -0.692913
0.119143 0.047408 0.061874 0.488189 -0.692913
0.123026 0.047906 0.063903 0.488189 -0.692913
0.126328 0.047026 0.065931 0.488189 -0.692913
0.131323 0.046661 0.067960 0.488189 -0.692913
0.134974 0.047032 0.069989 0.488189 -0.692913
0.139821 0.046727 0.072017 0.488189 -0.692913
0.144426 0.046441 0.074046 0.488189 -0.692913
0.148249 0.046287 0.076075 0.488189 -0.692913
0.151366 0.046504 0.078103 0.488189 -0.692913
0.155758 0.046332 0.080132 0.488189 -0.692913
0.159837 0.045584 0.082160 0.488189 -0.692913
0.163994 0.045715 0.084189 0.488189 -0.692913
0.168515 0.045428 0.086218 0.488189 -0.692913
0.173475 0.045367 0.088246 0.488189 -0.692913
0.178267 0.045192 0.090275 0.488189 -0.692913
0.181848 0.045325 0.092304 0.488189 -0.692913
0.185853 0.045177 0.094332 0.488189 -0.692913
0.190206 0.044698 0.096361 0.488189 -0.692913
0.194134 0.044795 0.098390 0.488189 -0.692913
0.198311 0.044329 0.100418 0.488189 -0.692913
0.201903 0.043753 0.102447 0.488189 -0.692913
0.205469 0.044100 0.104476 0.488189 -0.692913
0.210009 0.044164 0.106504 0.488189 -0.692913
0.214382 0.043546 0.108533 0.488189 -0.692913
0.218844 0.043252 0.110562 0.488189 -0.692913
0.223060 0.043552 0.112590 0.488189 -0.692913
0.227075 0.043239 0.114619 0.488189 -0.692913
0.230581 0.043766 0.116648 0.488189 -0.692913
0.234260 0.043557 0.118676 0.488189 -0.692913
0.237841 0.043797 0.120705 0.488189 -0.692913
0.242600 0.042985 0.122734 0.488189 -0.692913
0.246638 0.043724 0.124762 0.488189 -0.692913
0.250402 0.043239 0.126791 0.488189 -0.692913
0.254806 0.043609 0.128819 0.488189 -0.692913
0.259829 0.042997 0.130848 0.488189 -0.692913
0.264602 0.042465 0.132877 0.488189 -0.692913
0.268928 0.042205 0.134905 0.488189 -0.692913
0.273219 0.042281 0.136934 0.488189 -0.692913
0.277391 0.041056 0.138963 0.488189 -0.692913
0.281104 0.041649 0.140991 0.488189 -0.692913
0.284871 0.041673 0.143020 0.488189 -0.692913
0.289198 0.042091 0.145049 0.488189 -0.692913
0.293682 0.041816 0.147077 0.488189 -0.692913
0.298408 0.041399 0.149106 0.488189 -0.692913
0.303124 0.041352 0.151135 0.488189 -0.692913
0.307259 0.041839 0.153163 0.488189 -0.692913
0.311238 0.041529 0.155192 0.488189 -0.692913
0.314823 0.041671 0.157221 0.488189 -0.692913
0.318515 0.041637 0.159249 0.488189 -0.692913
0.321768 0.041309 0.161278 0.488189 -0.692913
0.325555 0.040906 0.163307 0.488189 -0.692913
0.329512 0.041139 0.165335 0.488189 -0.692913
0.333395 0.041033 0.167364 0.488189 -0.692913
0.338230 0.040627 0.169393 0.488189 -0.692913
0.342510 0.040065 0.171421 0.488189 -0.692913
0.347498 0.040390 0.173450 0.488189 -0.692913
0.350838 0.040243 0.175479 0.488189 -0.692913
0.354455 0.040284 0.177507 0.488189 -0.692913
0.358061 0.040339 0.179536 0.488189 -0.692913
0.362555 0.040376 0.181564 0.488189 -0.692913
0.366243 0.040698 0.183593 0.488189 -0.692913
0.369841 0.040047 0.185622 0.488189 -0.692913
0.374058 0.040216 0.187650 0.488189 -0.692913
0.377329 0.039219 0.189679 0.488189 -0.692913
0.381438 0.038978 0.191708 0.488189 -0.692913
0.385403 0.039273 0.193736 0.488189 -0.692913
0.388596 0.039404 0.195765 0.488189 -0.692913
0.391599 0.039790 0.197794 0.488189 -0.692913
0.394078 0.039866 0.199822 0.488189 -0.692913
0.397434 0.039643 0.201851 0.488189 -0.692913
0.401539 0.038719 0.203880 0.488189 -0.692913
0.405032 0.039765 0.205908 0.488189 -0.692913
0.408744 0.039360 0.207937 0.488189 -0.692913
0.411931 0.039552 0.209966 0.488189 -0.692913
0.415490 0.039527 0.211994 0.488189 -0.692913
0.419417 0.039188 0.214023 0.488189 -0.692913
0.423734 0.038866 0.216052 0.488189 -0.692913
0.428938 0.037817 0.218080 0.488189 -0.692913
0.433643 0.038113 0.220109 0.488189 -0.692913
0.438174 0.037827 0.222138 0.488189 -0.692913
0.442717 0.038405 0.224166 0.488189 -0.692913
0.447221 0.038326 0.226195 0.488189 -0.692913
0.450657 0.038151 0.228224 0.488189 -0.692913
0.453673 0.038458 0.230252 0.488189 -0.692913
0.457789 0.037855 0.232281 0.488189 -0.692913
0.461812 0.037628 0.234309 0.488189 -0.692913
0.465839 0.038658 0.236338 0.488189 -0.692913
0.469670 0.037349 0.238367 0.488189 -0.692913
0.473887 0.037395 0.240395 0.488189 -0.692913
0.477778 0.037214 0.242424 0.488189 -0.692913
0.482351 0.036884 0.244453 0.488189 -0.692913
0.486350 0.036845 0.246481 0.488189 -0.692913
0.490088 0.036006 0.248510 0.488189 -0.692913
0.493100 0.036475 0.250539 0.488189 -0.692913
0.496756 0.036645 0.252567 0.488189 -0.692913
0.499691 0.036749 0.254596 0.488189 -0.692913
0.503561 0.036362 0.256625 0.488189 -0.692913
0.507918 0.034865 0.258653 0.488189 -0.692913
0.513126 0.035255 0.260682 0.488189 -0.692913
0.517227 0.035151 0.262711 0.488189 -0.692913
0.521953 0.035171 0.264739 0.488189 -0.692913
0.526221 0.034205 0.266768 0.488189 -0.692913
0.529659 0.034278 0.268797 0.488189 -0.692913
0.532453 0.035212 0.270825 0.488189 -0.692913
0.536903 0.035432 0.272854 0.488189 -0.692913
0.541223 0.034649 0.274883 0.488189 -0.692913
0.545806 0.034399 0.276911 0.488189 -0.692913
0.550052 0.033572 0.278940 0.488189 -0.692913
0.554240 0.032645 0.280968 0.488189 -0.692913
0.557888 0.033733 0.282997 0.488189 -0.692913
0.560701 0.034176 0.285026 0.488189 -0.692913
0.563424 0.034107 0.287054 0.488189 -0.692913
0.567384 0.033841 0.289083 0.488189 -0.692913
0.571537 0.033375 0.291112 0.488189 -0.692913
0.575424 0.032932 0.293140 0.488189 -0.692913
0.579150 0.033098 0.295169 0.488189 -0.692913
0.583249 0.033297 0.297198 0.488189 -0.692913
0.587639 0.033032 0.299226 0.488189 -0.692913
0.591394 0.032510 0.301255 0.488189 -0.692913
0.595910 0.031881 0.303284 0.488189 -0.692913
0.599933 0.030527 0.305312 0.488189 -0.692913
0.603978 0.031501 0.307341 0.488189 -0.692913
0.607733 0.031874 0.309370 0.488189 -0.692913
0.611306 0.032171 0.311398 0.488189 -0.692913
0.615424 0.030371 0.313427 0.488189 -0.692913
0.618573 0.030698 0.315456 0.488189 -0.692913
0.621762 0.032349 0.317484 0.488189 -0.692913
0.625932 0.030874 0.319513 0.488189 -0.692913
0.630255 0.030659 0.321542 0.488189 -0.692913
0.635209 0.029954 0.323570 0.488189 -0.692913
0.640130 0.029080 0.325599 0.488189 -0.692913
0.644538 0.029263 0.327628 0.488189 -0.692913
0.648545 0.028366 0.329656 0.488189 -0.692913
0.652897 0.027626 0.331685 0.488189 -0.692913
0.657550 0.027009 0.333713 0.488189 -0.692913
0.661257 0.028629 0.335742 0.488189 -0.692913
0.665110 0.028444 0.337771 0.488189 -0.692913
0.670020 0.026825 0.339799 0.488189 -0.692913
0.674566 0.027323 0.341828 0.488189 -0.692913
0.678868 0.025664 0.343857 0.488189 -0.692913
0.683176 0.027069 0.345885 0.488189 -0.692913
0.687472 0.025654 0.347914 0.488189 -0.692913
0.691035 0.025930 0.349943 0.488189 -0.692913
0.694620 0.024975 0.351971 0.488189 -0.692913
0.699251 0.025063 0.354000 0.488189 -0.692913
0.703134 0.023883 0.356029 0.488189 -0.692913
0.707446 0.023848 0.358057 0.488189 -0.692913
0.712718 0.021508 0.360086 0.488189 -0.692913
0.717548 0.019025 0.362115 0.488189 -0.692913
0.721959 0.019514 0.364143 0.488189 -0.692913
0.726223 0.018712 0.366172 0.488189 -0.692913
0.730423 0.019881 0.368201 0.488189 -0.692913
0.734419 0.021535 0.370229 0.488189 -0.692913
0.738659 0.019499 0.372258 0.488189 -0.692913
0.743562 0.017161 0.374287 0.488189 -0.692913
0.747622 0.020007 0.376315 0.488189 -0.692913
0.752202 0.018832 0.378344 0.488189 -0.692913
0.756891 0.018071 0.380372 0.488189 -0.692913
0.761564 0.018341 0.382401 0.488189 -0.692913
0.765376 0.019532 0.384430 0.488189 -0.692913
0.769919 0.017896 0.386458 0.488189 -0.692913
0.773832 0.017390 0.388487 0.488189 -0.692913
0.778474 0.015610 0.390516 0.488189 -0.692913
0.782805 0.014542 0.392544 0.488189 -0.692913
0.786207 0.016240 0.394573 0.488189 -0.692913
0.789757 0.015753 0.396602 0.488189 -0.692913
0.794365 0.012692 0.398630 0.488189 -0.692913
0.798854 0.011787 0.400659 0.488189 -0.692913
0.801879 0.014966 0.402688 0.488189 -0.692913
0.805771 0.011747 0.404716 0.488189 -0.692913
0.810645 0.009577 0.406745 0.488189 -0.692913
0.815046 0.008113 0.408774 0.488189 -0.692913
0.819312 0.004707 0.410802 0.488189 -0.692913
0.823229 0.009236 0.412831 0.488189 -0.692913
0.827038 0.010051 0.414860 0.488189 -0.692913
0.831834 0.005114 0.416888 0.488189 -0.692913
0.835718 0.007332 0.418917 0.488189 -0.692913
0.839057 0.009163 0.420946 0.488189 -0.692913
0.842773 0.006873 0.422974 0.488189 -0.692913
0.846187 0.009507 0.425003 0.488189 -0.692913
0.849290 0.005811 0.427032 0.488189 -0.692913
0.853258 0.001991 0.429060 0.488189 -0.692913
0.857137 0.001520 0.431089 0.488189 -0.692913
0.861920 -0.004182 0.433117 0.488189 -0.692913
0.865906 -0.004670 0.435146 0.488189 -0.692913
0.869829 -0.011886 0.437175 0.488189 -0.692913
0.873661 -0.007571 0.439203 0.488189 -0.692913
0.877962 -0.012425 0.441232 0.488189 -0.692913
0.881999 -0.015840 0.443261 0.488189 -0.692913
0.886086 -0.016301 0.445289 0.488189 -0.692913
0.889825 -0.012228 0.447318 0.488189 -0.692913
0.893997 -0.016383 0.449347 0.488189 -0.692913
0.897990 -0.015883 0.451375 0.488189 -0.692913
0.901748 -0.026221 0.453404 0.488189 -0.692913
0.905862 -0.038881 0.455433 0.488189 -0.692913
0.909857 -0.046769 0.457461 0.488189 -0.692913
0.913411 -0.045584 0.459490 0.488189 -0.692913
0.917064 -0.056120 0.461519 0.488189 -0.692913
0.000000 -nan 0.463547 0.488189 -0.692913
0.000000 -nan 0.465576 0.488189 -0.692913
0.000000 -nan 0.467605 0.488189 -0.692913
0.000000 -nan 0.469633 0.488189 -0.692913
0.000000 -nan 0.471662 0.488189 -0.692913
0.000000 -nan 0.473691 0.488189 -0.692913
0.000000 -nan 0.475719 0.488189 -0.692913
0.000000 -nan 0.477748 0.488189 -0.692913
0.000000 -nan 0.479777 0.488189 -0.692913
0.000000 -nan 0.481805 0.488189 -0.692913
0.000000 -nan 0.483834 0.488189 -0.692913
0.000000 -nan 0.485862 0.488189 -0.692913
0.000000 -nan 0.487891 0.488189 -0.692913
0.000000 -nan 0.489920 0.488189 -0.692913
0.000000 -nan 0.491948 0.488189 -0.692913
0.000000 -nan 0.493977 0.488189 -0.692913
0.000000 -nan 0.496006 0.488189 -0.692913
0.000000 -nan 0.498034 0.488189 -0.692913
0.000000 -nan 0.500063 0.488189 -0.692913
0.000000 -nan 0.502092 0.488189 -0.692913
0.000000 -nan 0.504120 0.488189 -0.692913
0.000000 -nan 0.506149 0.488189 -0.692913
