SoC E[V] Tiempo logChi logEle
0.003000 0.014863 0.000103 0.299213 0.299213
0.006372 0.014376 0.000310 0.299213 0.299213
0.010246 0.013568 0.000516 0.299213 0.299213
0.014608 0.013016 0.000723 0.299213 0.299213
0.018542 0.012560 0.000930 0.299213 0.299213
0.023162 0.011449 0.001136 0.299213 0.299213
0.027180 0.012167 0.001343 0.299213 0.299213
0.030682 0.012203 0.001549 0.299213 0.299213
0.035133 0.011714 0.001756 0.299213 0.299213
0.039439 0.010963 0.001962 0.299213 0.299213
0.043453 0.010071 0.002169 0.299213 0.299213
0.047585 0.010599 0.002376 0.299213 0.299213
0.051520 0.010406 0.002582 0.299213 0.299213
0.055517 0.010107 0.002789 0.299213 0.299213
0.059725 0.009777 0.002995 0.299213 0.299213
0.063948 0.008205 0.003202 0.299213 0.299213
0.067920 0.008727 0.003409 0.299213 0.299213
0.072372 0.009005 0.003615 0.299213 0.299213
0.076824 0.007800 0.003822 0.299213 0.299213
0.081008 0.007654 0.004028 0.299213 0.299213
0.084832 0.007556 0.004235 0.299213 0.299213
0.089213 0.006085 0.004441 0.299213 0.299213
0.092975 0.007355 0.004648 0.299213 0.299213
0.096760 0.006722 0.004855 0.299213 0.299213
0.100664 0.005336 0.005061 0.299213 0.299213
0.104550 0.003957 0.005268 0.299213 0.299213
0.108203 0.002594 0.005474 0.299213 0.299213
0.112077 -0.000604 0.005681 0.299213 0.299213
0.115945 -0.001137 0.005887 0.299213 0.299213
0.119882 -0.001383 0.006094 0.299213 0.299213
0.123754 -0.000136 0.006301 0.299213 0.299213
0.128208 -0.009108 0.006507 0.299213 0.299213
0.132444 -0.010208 0.006714 0.299213 0.299213
0.136667 -0.014806 0.006920 0.299213 0.299213
0.140343 -0.013423 0.007127 0.299213 0.299213
0.143920 -0.009435 0.007333 0.299213 0.299213
0.148195 -0.016974 0.007540 0.299213 0.299213
0.152298 -0.022637 0.007747 0.299213 0.299213
0.156352 -0.025750 0.007953 0.299213 0.299213
0.160163 -0.025690 0.008160 0.299213 0.299213
0.164105 -0.025217 0.008366 0.299213 0.299213
0.168416 -0.042096 0.008573 0.299213 0.299213
0.172353 -0.048298 0.008780 0.299213 0.299213
0.176011 -0.048601 0.008986 0.299213 0.299213
0.180003 -0.048136 0.009193 0.299213 0.299213
0.184022 -0.060417 0.009399 0.299213 0.299213
0.187746 -0.063105 0.009606 0.299213 0.299213
0.191084 -0.098759 0.009812 0.299213 0.299213
0.000000 -nan 0.010019 0.299213 0.299213
0.000000 -nan 0.010226 0.299213 0.299213
0.000000 -nan 0.010432 0.299213 0.299213
0.000000 -nan 0.010639 0.299213 0.299213
0.000000 -nan 0.010845 0.299213 0.299213
0.000000 -nan 0.011052 0.299213 0.299213
0.000000 -nan 0.011258 0.299213 0.299213
0.000000 -nan 0.011465 0.299213 0.299213
0.000000 -nan 0.011672 0.299213 0.299213
0.000000 -nan 0.011878 0.299213 0.299213
0.000000 -nan 0.012085 0.299213 0.299213
0.000000 -nan 0.012291 0.299213 0.299213
0.000000 -nan 0.012498 0.299213 0.299213
0.000000 -nan 0.012704 0.299213 0.299213
0.000000 -nan 0.012911 0.299213 0.299213
0.000000 -nan 0.013118 0.299213 0.299213
0.000000 -nan 0.013324 0.299213 0.299213
0.000000 -nan 0.013531 0.299213 0.299213
0.000000 -nan 0.013737 0.299213 0.299213
0.000000 -nan 0.013944 0.299213 0.299213
0.000000 -nan 0.014151 0.299213 0.299213
0.000000 -nan 0.014357 0.299213 0.299213
0.000000 -nan 0.014564 0.299213 0.299213
0.000000 -nan 0.014770 0.299213 0.299213
0.000000 -nan 0.014977 0.299213 0.299213
0.000000 -nan 0.015183 0.299213 0.299213
0.000000 -nan 0.015390 0.299213 0.299213
0.000000 -nan 0.015597 0.299213 0.299213
0.000000 -nan 0.015803 0.299213 0.299213
0.000000 -nan 0.016010 0.299213 0.299213
0.000000 -nan 0.016216 0.299213 0.299213
0.000000 -nan 0.016423 0.299213 0.299213
0.000000 -nan 0.016629 0.299213 0.299213
0.000000 -nan 0.016836 0.299213 0.299213
0.000000 -nan 0.017043 0.299213 0.299213
0.000000 -nan 0.017249 0.299213 0.299213
0.000000 -nan 0.017456 0.299213 0.299213
0.000000 -nan 0.017662 0.299213 0.299213
0.000000 -nan 0.017869 0.299213 0.299213
0.000000 -nan 0.018075 0.299213 0.299213
0.000000 -nan 0.018282 0.299213 0.299213
0.000000 -nan 0.018489 0.299213 0.299213
0.000000 -nan 0.018695 0.299213 0.299213
0.000000 -nan 0.018902 0.299213 0.299213
0.000000 -nan 0.019108 0.299213 0.299213
0.000000 -nan 0.019315 0.299213 0.299213
0.000000 -nan 0.019522 0.299213 0.299213
0.000000 -nan 0.019728 0.299213 0.299213
0.000000 -nan 0.019935 0.299213 0.299213
0.000000 -nan 0.020141 0.299213 0.299213
0.000000 -nan 0.020348 0.299213 0.299213
0.000000 -nan 0.020554 0.299213 0.299213
0.000000 -nan 0.020761 0.299213 0.299213
0.000000 -nan 0.020968 0.299213 0.299213
0.000000 -nan 0.021174 0.299213 0.299213
0.000000 -nan 0.021381 0.299213 0.299213
0.000000 -nan 0.021587 0.299213 0.299213
0.000000 -nan 0.021794 0.299213 0.299213
0.000000 -nan 0.022000 0.299213 0.299213
0.000000 -nan 0.022207 0.299213 0.299213
0.000000 -nan 0.022414 0.299213 0.299213
0.000000 -nan 0.022620 0.299213 0.299213
0.000000 -nan 0.022827 0.299213 0.299213
0.000000 -nan 0.023033 0.299213 0.299213
0.000000 -nan 0.023240 0.299213 0.299213
0.000000 -nan 0.023446 0.299213 0.299213
0.000000 -nan 0.023653 0.299213 0.299213
0.000000 -nan 0.023860 0.299213 0.299213
0.000000 -nan 0.024066 0.299213 0.299213
0.000000 -nan 0.024273 0.299213 0.299213
0.000000 -nan 0.024479 0.299213 0.299213
0.000000 -nan 0.024686 0.299213 0.299213
0.000000 -nan 0.024893 0.299213 0.299213
0.000000 -nan 0.025099 0.299213 0.299213
0.000000 -nan 0.025306 0.299213 0.299213
0.000000 -nan 0.025512 0.299213 0.299213
0.000000 -nan 0.025719 0.299213 0.299213
0.000000 -nan 0.025925 0.299213 0.299213
0.000000 -nan 0.026132 0.299213 0.299213
0.000000 -nan 0.026339 0.299213 0.299213
0.000000 -nan 0.026545 0.299213 0.299213
0.000000 -nan 0.026752 0.299213 0.299213
0.000000 -nan 0.026958 0.299213 0.299213
0.000000 -nan 0.027165 0.299213 0.299213
0.000000 -nan 0.027371 0.299213 0.299213
0.000000 -nan 0.027578 0.299213 0.299213
0.000000 -nan 0.027785 0.299213 0.299213
0.000000 -nan 0.027991 0.299213 0.299213
0.000000 -nan 0.028198 0.299213 0.299213
0.000000 -nan 0.028404 0.299213 0.299213
0.000000 -nan 0.028611 0.299213 0.299213
0.000000 -nan 0.028817 0.299213 0.299213
0.000000 -nan 0.029024 0.299213 0.299213
0.000000 -nan 0.029231 0.299213 0.299213
0.000000 -nan 0.029437 0.299213 0.299213
0.000000 -nan 0.029644 0.299213 0.299213
0.000000 -nan 0.029850 0.299213 0.299213
0.000000 -nan 0.030057 0.299213 0.299213
0.000000 -nan 0.030264 0.299213 0.299213
0.000000 -nan 0.030470 0.299213 0.299213
0.000000 -nan 0.030677 0.299213 0.299213
0.000000 -nan 0.030883 0.299213 0.299213
0.000000 -nan 0.031090 0.299213 0.299213
0.000000 -nan 0.031296 0.299213 0.299213
0.000000 -nan 0.031503 0.299213 0.299213
0.000000 -nan 0.031710 0.299213 0.299213
0.000000 -nan 0.031916 0.299213 0.299213
0.000000 -nan 0.032123 0.299213 0.299213
0.000000 -nan 0.032329 0.299213 0.299213
0.000000 -nan 0.032536 0.299213 0.299213
0.000000 -nan 0.032742 0.299213 0.299213
0.000000 -nan 0.032949 0.299213 0.299213
0.000000 -nan 0.033156 0.299213 0.299213
0.000000 -nan 0.033362 0.299213 0.299213
0.000000 -nan 0.033569 0.299213 0.299213
0.000000 -nan 0.033775 0.299213 0.299213
0.000000 -nan 0.033982 0.299213 0.299213
0.000000 -nan 0.034188 0.299213 0.299213
0.000000 -nan 0.034395 0.299213 0.299213
0.000000 -nan 0.034602 0.299213 0.299213
0.000000 -nan 0.034808 0.299213 0.299213
0.000000 -nan 0.035015 0.299213 0.299213
0.000000 -nan 0.035221 0.299213 0.299213
0.000000 -nan 0.035428 0.299213 0.299213
0.000000 -nan 0.035635 0.299213 0.299213
0.000000 -nan 0.035841 0.299213 0.299213
0.000000 -nan 0.036048 0.299213 0.299213
0.000000 -nan 0.036254 0.299213 0.299213
0.000000 -nan 0.036461 0.299213 0.299213
0.000000 -nan 0.036667 0.299213 0.299213
0.000000 -nan 0.036874 0.299213 0.299213
0.000000 -nan 0.037081 0.299213 0.299213
0.000000 -nan 0.037287 0.299213 0.299213
0.000000 -nan 0.037494 0.299213 0.299213
0.000000 -nan 0.037700 0.299213 0.299213
0.000000 -nan 0.037907 0.299213 0.299213
0.000000 -nan 0.038113 0.299213 0.299213
0.000000 -nan 0.038320 0.299213 0.299213
0.000000 -nan 0.038527 0.299213 0.299213
0.000000 -nan 0.038733 0.299213 0.299213
0.000000 -nan 0.038940 0.299213 0.299213
0.000000 -nan 0.039146 0.299213 0.299213
0.000000 -nan 0.039353 0.299213 0.299213
0.000000 -nan 0.039559 0.299213 0.299213
0.000000 -nan 0.039766 0.299213 0.299213
0.000000 -nan 0.039973 0.299213 0.299213
0.000000 -nan 0.040179 0.299213 0.299213
0.000000 -nan 0.040386 0.299213 0.299213
0.000000 -nan 0.040592 0.299213 0.299213
0.000000 -nan 0.040799 0.299213 0.299213
0.000000 -nan 0.041006 0.299213 0.299213
0.000000 -nan 0.041212 0.299213 0.299213
0.000000 -nan 0.041419 0.299213 0.299213
0.000000 -nan 0.041625 0.299213 0.299213
0.000000 -nan 0.041832 0.299213 0.299213
0.000000 -nan 0.042038 0.299213 0.299213
0.000000 -nan 0.042245 0.299213 0.299213
0.000000 -nan 0.042452 0.299213 0.299213
0.000000 -nan 0.042658 0.299213 0.299213
0.000000 -nan 0.042865 0.299213 0.299213
0.000000 -nan 0.043071 0.299213 0.299213
0.000000 -nan 0.043278 0.299213 0.299213
0.000000 -nan 0.043484 0.299213 0.299213
0.000000 -nan 0.043691 0.299213 0.299213
0.000000 -nan 0.043898 0.299213 0.299213
0.000000 -nan 0.044104 0.299213 0.299213
0.000000 -nan 0.044311 0.299213 0.299213
0.000000 -nan 0.044517 0.299213 0.299213
0.000000 -nan 0.044724 0.299213 0.299213
0.000000 -nan 0.044930 0.299213 0.299213
0.000000 -nan 0.045137 0.299213 0.299213
0.000000 -nan 0.045344 0.299213 0.299213
0.000000 -nan 0.045550 0.299213 0.299213
0.000000 -nan 0.045757 0.299213 0.299213
0.000000 -nan 0.045963 0.299213 0.299213
0.000000 -nan 0.046170 0.299213 0.299213
0.000000 -nan 0.046377 0.299213 0.299213
0.000000 -nan 0.046583 0.299213 0.299213
0.000000 -nan 0.046790 0.299213 0.299213
0.000000 -nan 0.046996 0.299213 0.299213
0.000000 -nan 0.047203 0.299213 0.299213
0.000000 -nan 0.047409 0.299213 0.299213
0.000000 -nan 0.047616 0.299213 0.299213
0.000000 -nan 0.047823 0.299213 0.299213
0.000000 -nan 0.048029 0.299213 0.299213
0.000000 -nan 0.048236 0.299213 0.299213
0.000000 -nan 0.048442 0.299213 0.299213
0.000000 -nan 0.048649 0.299213 0.299213
0.000000 -nan 0.048855 0.299213 0.299213
0.000000 -nan 0.049062 0.299213 0.299213
0.000000 -nan 0.049269 0.299213 0.299213
0.000000 -nan 0.049475 0.299213 0.299213
0.000000 -nan 0.049682 0.299213 0.299213
0.000000 -nan 0.049888 0.299213 0.299213
0.000000 -nan 0.050095 0.299213 0.299213
0.000000 -nan 0.050301 0.299213 0.299213
0.000000 -nan 0.050508 0.299213 0.299213
0.000000 -nan 0.050715 0.299213 0.299213
0.000000 -nan 0.050921 0.299213 0.299213
0.000000 -nan 0.051128 0.299213 0.299213
0.000000 -nan 0.051334 0.299213 0.299213
0.000000 -nan 0.051541 0.299213 0.299213
